File	Base	G	A	T	C
./1infected_CGAGGCTG-AAGGAGTA_L001_R1_001_fastqc	1	45.62754277950396	15.954615438833414	12.088581958861958	26.329259822800672
./1infected_CGAGGCTG-AAGGAGTA_L001_R1_001_fastqc	2	19.48849677734265	18.184799171683682	34.117490677255965	28.209213373717702
./1infected_CGAGGCTG-AAGGAGTA_L001_R1_001_fastqc	3	20.89405492916427	19.105950843879484	25.76951546170254	34.2304787652537
./1infected_CGAGGCTG-AAGGAGTA_L001_R1_001_fastqc	4	16.05414672440865	13.977121042734861	30.34519626472523	39.62353596813126
./1infected_CGAGGCTG-AAGGAGTA_L001_R1_001_fastqc	5	19.027567342314843	31.84021735124863	29.510418948823023	19.621796357613505
./1infected_CGAGGCTG-AAGGAGTA_L001_R1_001_fastqc	6	38.81025361847166	30.95795675047298	13.21841801089585	17.013371620159507
./1infected_CGAGGCTG-AAGGAGTA_L001_R1_001_fastqc	7	33.744398102939336	28.069443173573006	16.616417131661287	21.56974159182637
./1infected_CGAGGCTG-AAGGAGTA_L001_R1_001_fastqc	8	31.363652589388124	29.379861564335137	15.969624552986005	23.28686129329073
./1infected_CGAGGCTG-AAGGAGTA_L001_R1_001_fastqc	9	28.685090181197566	14.094005935266281	16.01754081614097	41.20336306739519
./1infected_CGAGGCTG-AAGGAGTA_L001_R1_001_fastqc	10	21.152090741471458	22.535687272680388	25.374326562418968	30.937895423429186
./1infected_CGAGGCTG-AAGGAGTA_L001_R1_001_fastqc	11	39.54404115564405	20.44114040321439	17.761615821064893	22.253202620076664
./1infected_CGAGGCTG-AAGGAGTA_L001_R1_001_fastqc	12	28.137088813755934	20.840649463573584	24.212944107026075	26.809317615644414
./1infected_CGAGGCTG-AAGGAGTA_L001_R1_001_fastqc	13	33.06662352278635	17.447355373467342	21.773058571088924	27.712962532657386
./1infected_CGAGGCTG-AAGGAGTA_L001_R1_001_fastqc	14	26.139851407626825	17.823416254447288	21.134449281934387	34.902283055991504
./1infected_CGAGGCTG-AAGGAGTA_L001_R1_001_fastqc	15	28.77589053770226	22.28954393050564	18.93028674419672	30.004278787595386
./1infected_CGAGGCTG-AAGGAGTA_L001_R1_001_fastqc	16	28.325136092290187	23.7559595852299	19.00018387144355	28.91872045103636
./1infected_CGAGGCTG-AAGGAGTA_L001_R1_001_fastqc	17	28.852729750062807	23.015581156438806	19.493221051481022	28.63846804201737
./1infected_CGAGGCTG-AAGGAGTA_L001_R1_001_fastqc	18	29.981393479982117	21.290836226349885	20.689068578082967	28.038701715585034
./1infected_CGAGGCTG-AAGGAGTA_L001_R1_001_fastqc	19	32.00615387220655	21.698389061005773	20.27772958889867	26.017727477889004
./1infected_CGAGGCTG-AAGGAGTA_L001_R1_001_fastqc	20	29.79193180572823	20.848293935677322	21.446674731608788	27.913099526985658
./1infected_CGAGGCTG-AAGGAGTA_L001_R1_001_fastqc	21	29.32295859640372	21.194368665227064	21.72322758175568	27.759445156613538
./1infected_CGAGGCTG-AAGGAGTA_L001_R1_001_fastqc	22	29.061381983927653	22.26174191396221	19.74580614831084	28.931069953799295
./1infected_CGAGGCTG-AAGGAGTA_L001_R1_001_fastqc	23	28.925032312206977	20.75785439440723	21.07964385323345	29.237469440152346
./1infected_CGAGGCTG-AAGGAGTA_L001_R1_001_fastqc	24	28.15118466225433	22.411504290670443	21.24624427422304	28.191066772852185
./1infected_CGAGGCTG-AAGGAGTA_L001_R1_001_fastqc	25	28.323841968315417	21.66570401162075	21.747551339437557	28.262902680626272
./1infected_CGAGGCTG-AAGGAGTA_L001_R1_001_fastqc	26	27.47835565625027	22.09312573852865	20.319271449575684	30.109247155645395
./1infected_CGAGGCTG-AAGGAGTA_L001_R1_001_fastqc	27	29.831116340205853	22.553487490920688	20.266347070964468	27.349049097908996
./1infected_CGAGGCTG-AAGGAGTA_L001_R1_001_fastqc	28	28.65319892532866	21.3666218582254	20.63626928208641	29.34390993435953
./1infected_CGAGGCTG-AAGGAGTA_L001_R1_001_fastqc	29	29.464912931435194	21.51138093034717	20.233560993313755	28.790145144903878
./1infected_CGAGGCTG-AAGGAGTA_L001_R1_001_fastqc	30	28.1170611628007	21.94338741616939	21.44371123581527	28.49584018521464
./1infected_CGAGGCTG-AAGGAGTA_L001_R1_001_fastqc	31	29.256520484539262	20.61565951588602	20.271590919040662	29.856229080534057
./1infected_CGAGGCTG-AAGGAGTA_L001_R1_001_fastqc	32	28.784061495441854	21.910575150589157	20.670930041968727	28.63443331200026
./1infected_CGAGGCTG-AAGGAGTA_L001_R1_001_fastqc	33	29.50482539290643	20.566089502820216	21.20752039948845	28.721564704784903
./1infected_CGAGGCTG-AAGGAGTA_L001_R1_001_fastqc	34	28.734714303129632	21.140626438750747	21.04466882982616	29.079990428293456
./1infected_CGAGGCTG-AAGGAGTA_L001_R1_001_fastqc	35	28.330952825043298	22.054810752357206	21.712612184530133	27.901624238069367
./1infected_CGAGGCTG-AAGGAGTA_L001_R1_001_fastqc	36	28.262523892202807	20.71066825041963	21.27881797761674	29.747989879760823
./1infected_CGAGGCTG-AAGGAGTA_L001_R1_001_fastqc	37	29.428037774165745	21.32419720949494	20.49643082877956	28.751334187559756
./1infected_CGAGGCTG-AAGGAGTA_L001_R1_001_fastqc	38	30.276266882708892	20.093644490586478	21.814490095766104	27.815598530938523
./1infected_CGAGGCTG-AAGGAGTA_L001_R1_001_fastqc	39	28.917901965909305	21.342989135274415	20.112844740364295	29.62626415845199
./1infected_CGAGGCTG-AAGGAGTA_L001_R1_001_fastqc	40	29.514606965360823	20.409772952127486	21.348773425760285	28.72684665675141
./1infected_CGAGGCTG-AAGGAGTA_L001_R1_001_fastqc	41	29.1454344788648	20.717958369300625	21.475622800017725	28.660984351816854
./1infected_CGAGGCTG-AAGGAGTA_L001_R1_001_fastqc	42	28.376735401173658	20.560966715513036	21.64137752534607	29.420920357967233
./1infected_CGAGGCTG-AAGGAGTA_L001_R1_001_fastqc	43	29.610937262312966	20.285547252315013	21.334778711054444	28.768736774317578
./1infected_CGAGGCTG-AAGGAGTA_L001_R1_001_fastqc	44	29.277824424508093	21.254563290627402	20.883039041990283	28.58457324287422
./1infected_CGAGGCTG-AAGGAGTA_L001_R1_001_fastqc	45	29.369796812844456	20.73597600853418	20.71041560646083	29.183811572160533
./9uninfected_GTAGAGGA-AAGGAGTA_L001_R2_001_fastqc	1	46.42130505680033	15.499338963543085	11.646411370107575	26.432944609549015
./9uninfected_GTAGAGGA-AAGGAGTA_L001_R2_001_fastqc	2	19.06457847903922	17.839442618024158	35.385502678976586	27.71047622396003
./9uninfected_GTAGAGGA-AAGGAGTA_L001_R2_001_fastqc	3	20.686191280826748	19.273558382764186	25.8308960370446	34.20935429936447
./9uninfected_GTAGAGGA-AAGGAGTA_L001_R2_001_fastqc	4	15.335816712202242	13.927442985313387	31.048460204427126	39.68828009805725
./9uninfected_GTAGAGGA-AAGGAGTA_L001_R2_001_fastqc	5	18.55363222211199	32.05662612490508	29.871287940636037	19.518453712346894
./9uninfected_GTAGAGGA-AAGGAGTA_L001_R2_001_fastqc	6	38.45150528807271	31.153424837539625	13.578622218159039	16.81644765622863
./9uninfected_GTAGAGGA-AAGGAGTA_L001_R2_001_fastqc	7	33.319842312156545	28.218239773350845	17.067335656731565	21.394582257761048
./9uninfected_GTAGAGGA-AAGGAGTA_L001_R2_001_fastqc	8	31.00837766633368	29.677295784943226	16.168883398515927	23.145443150207168
./9uninfected_GTAGAGGA-AAGGAGTA_L001_R2_001_fastqc	9	28.98842524341173	14.02897067835888	16.018997350125925	40.963606728103464
./9uninfected_GTAGAGGA-AAGGAGTA_L001_R2_001_fastqc	10	21.03595472739312	22.446624064830182	25.738474201617695	30.778947006159
./9uninfected_GTAGAGGA-AAGGAGTA_L001_R2_001_fastqc	11	39.100643329591314	20.4763112870637	18.237052913058026	22.185992470286955
./9uninfected_GTAGAGGA-AAGGAGTA_L001_R2_001_fastqc	12	28.12164055317472	21.06135788162474	24.436548386698455	26.380453178502083
./9uninfected_GTAGAGGA-AAGGAGTA_L001_R2_001_fastqc	13	32.85679153561264	17.73717971743967	21.777202923636573	27.628825823311114
./9uninfected_GTAGAGGA-AAGGAGTA_L001_R2_001_fastqc	14	26.130099001343755	17.953630195812053	21.387057072298237	34.52921373054596
./9uninfected_GTAGAGGA-AAGGAGTA_L001_R2_001_fastqc	15	28.55386274960822	22.439888374647804	19.36007931599959	29.64616955974438
./9uninfected_GTAGAGGA-AAGGAGTA_L001_R2_001_fastqc	16	28.23171401519004	23.671320219434484	19.368873100046358	28.728092665329118
./9uninfected_GTAGAGGA-AAGGAGTA_L001_R2_001_fastqc	17	28.520716933748158	23.068112410375914	19.989319265970344	28.421851389905584
./9uninfected_GTAGAGGA-AAGGAGTA_L001_R2_001_fastqc	18	29.97310668700464	21.232438523489858	21.03415541489266	27.760299374612842
./9uninfected_GTAGAGGA-AAGGAGTA_L001_R2_001_fastqc	19	31.762627824572963	21.64645776936356	20.484373675729287	26.10654073033419
./9uninfected_GTAGAGGA-AAGGAGTA_L001_R2_001_fastqc	20	29.634734079075624	21.027126235498155	21.550918520264695	27.787221165161526
./9uninfected_GTAGAGGA-AAGGAGTA_L001_R2_001_fastqc	21	29.178420042320337	21.37965981445743	21.72919427438441	27.712725868837822
./9uninfected_GTAGAGGA-AAGGAGTA_L001_R2_001_fastqc	22	28.94677460985632	22.33599174793481	19.984511473867602	28.73272216834127
./9uninfected_GTAGAGGA-AAGGAGTA_L001_R2_001_fastqc	23	28.71312521562304	20.954956186052875	21.24894477117897	29.082973827145114
./9uninfected_GTAGAGGA-AAGGAGTA_L001_R2_001_fastqc	24	28.15198893728023	22.50076577627735	21.302422939524014	28.044822346918398
./9uninfected_GTAGAGGA-AAGGAGTA_L001_R2_001_fastqc	25	28.141100513364375	21.789092108417602	21.816330361850657	28.253477016367366
./9uninfected_GTAGAGGA-AAGGAGTA_L001_R2_001_fastqc	26	27.432221397385494	22.16157081140186	20.668364752315156	29.737843038897495
./9uninfected_GTAGAGGA-AAGGAGTA_L001_R2_001_fastqc	27	29.59745060562428	22.559428481576095	20.557251603497264	27.285869309302363
./9uninfected_GTAGAGGA-AAGGAGTA_L001_R2_001_fastqc	28	28.43505934191261	21.54252771590417	20.84954592277151	29.1728670194117
./9uninfected_GTAGAGGA-AAGGAGTA_L001_R2_001_fastqc	29	29.22825591593542	21.66841838620795	20.486409924074277	28.616915773782353
./9uninfected_GTAGAGGA-AAGGAGTA_L001_R2_001_fastqc	30	28.039255873072655	22.095913733914934	21.475087680174305	28.38974271283811
./9uninfected_GTAGAGGA-AAGGAGTA_L001_R2_001_fastqc	31	29.108960088942087	20.83799360674966	20.456740398511325	29.59630590579693
./9uninfected_GTAGAGGA-AAGGAGTA_L001_R2_001_fastqc	32	28.743410861560783	22.097631044171575	20.672498606535093	28.486459487732553
./9uninfected_GTAGAGGA-AAGGAGTA_L001_R2_001_fastqc	33	29.344466003321486	20.690443659359723	21.420573699198137	28.54451663812066
./9uninfected_GTAGAGGA-AAGGAGTA_L001_R2_001_fastqc	34	28.703309119933547	21.335457988248837	21.173198938820295	28.78803395299732
./9uninfected_GTAGAGGA-AAGGAGTA_L001_R2_001_fastqc	35	28.33069134099934	22.176822374806914	21.702554775169016	27.789931509024722
./9uninfected_GTAGAGGA-AAGGAGTA_L001_R2_001_fastqc	36	28.150985383758766	20.985795338947973	21.433879877517477	29.429339399775785
./9uninfected_GTAGAGGA-AAGGAGTA_L001_R2_001_fastqc	37	29.2718497507861	21.530011797212918	20.758216256916747	28.43992219508424
./9uninfected_GTAGAGGA-AAGGAGTA_L001_R2_001_fastqc	38	29.823575681609643	20.436690476351973	22.045351685011404	27.694382157026975
./9uninfected_GTAGAGGA-AAGGAGTA_L001_R2_001_fastqc	39	28.836316776691312	21.551608500091486	20.162886428597353	29.449188294619848
./9uninfected_GTAGAGGA-AAGGAGTA_L001_R2_001_fastqc	40	29.222703097616044	20.656740251047825	21.398924882565424	28.721631768770706
./9uninfected_GTAGAGGA-AAGGAGTA_L001_R2_001_fastqc	41	28.873374115984486	21.004436053630105	21.667893289949607	28.45429654043581
./9uninfected_GTAGAGGA-AAGGAGTA_L001_R2_001_fastqc	42	28.40337217638317	20.75185790358283	21.691688467864683	29.15308145216932
./9uninfected_GTAGAGGA-AAGGAGTA_L001_R2_001_fastqc	43	29.372835258719537	20.509117172541284	21.3812171154454	28.736830453293777
./9uninfected_GTAGAGGA-AAGGAGTA_L001_R2_001_fastqc	44	29.0495498790442	21.459173512035996	20.970158872932522	28.521117735987282
./9uninfected_GTAGAGGA-AAGGAGTA_L001_R2_001_fastqc	45	29.210141816548894	21.00426608178505	20.785552860317775	29.000039241348276
./14uninfected_CGAGGCTG-CTCTCTAT_L001_R1_001_fastqc	1	47.71091705402397	16.22364694239879	11.30849048369179	24.75694551988545
./14uninfected_CGAGGCTG-CTCTCTAT_L001_R1_001_fastqc	2	20.33981897623629	20.07866042393315	33.320232057889434	26.261288541941123
./14uninfected_CGAGGCTG-CTCTCTAT_L001_R1_001_fastqc	3	20.847376279777333	21.177002862195206	26.169897318417156	31.8057235396103
./14uninfected_CGAGGCTG-CTCTCTAT_L001_R1_001_fastqc	4	14.48046873380346	15.255080971320915	31.05583302653302	39.20861726834261
./14uninfected_CGAGGCTG-CTCTCTAT_L001_R1_001_fastqc	5	18.480267126013647	32.70814456161641	27.724716625012363	21.08687168735758
./14uninfected_CGAGGCTG-CTCTCTAT_L001_R1_001_fastqc	6	35.38441258388007	34.80257702572616	11.586508454092037	18.22650193630174
./14uninfected_CGAGGCTG-CTCTCTAT_L001_R1_001_fastqc	7	33.352891012088875	29.89525818370659	15.1752025003243	21.576648303880233
./14uninfected_CGAGGCTG-CTCTCTAT_L001_R1_001_fastqc	8	32.36150732193291	27.878431795099285	14.419566380630231	25.34049450233758
./14uninfected_CGAGGCTG-CTCTCTAT_L001_R1_001_fastqc	9	30.88594184681459	13.267671873198609	14.641318794956208	41.2050674850306
./14uninfected_CGAGGCTG-CTCTCTAT_L001_R1_001_fastqc	10	22.378416206035407	21.583384718011068	22.45943625960255	33.578762816350974
./14uninfected_CGAGGCTG-CTCTCTAT_L001_R1_001_fastqc	11	39.87325525662426	22.093128259871147	16.505873146160102	21.52774333734449
./14uninfected_CGAGGCTG-CTCTCTAT_L001_R1_001_fastqc	12	30.362671628458383	22.781432547197575	21.388631808442877	25.46726401590117
./14uninfected_CGAGGCTG-CTCTCTAT_L001_R1_001_fastqc	13	34.615788270034464	18.78029333394936	20.506764657529803	26.097153738486373
./14uninfected_CGAGGCTG-CTCTCTAT_L001_R1_001_fastqc	14	27.26045330197643	19.229048365461075	20.67802896722694	32.832469365335555
./14uninfected_CGAGGCTG-CTCTCTAT_L001_R1_001_fastqc	15	29.342672986510856	21.837963016063306	19.417797196887076	29.401566800538763
./14uninfected_CGAGGCTG-CTCTCTAT_L001_R1_001_fastqc	16	27.764068914755068	25.146210072409183	17.715180641172005	29.374540371663745
./14uninfected_CGAGGCTG-CTCTCTAT_L001_R1_001_fastqc	17	30.620830834102154	22.992415314631735	17.074305878757144	29.31244797250897
./14uninfected_CGAGGCTG-CTCTCTAT_L001_R1_001_fastqc	18	33.0792719783319	19.888226142768577	18.592901478031724	28.4396004008678
./14uninfected_CGAGGCTG-CTCTCTAT_L001_R1_001_fastqc	19	35.56390490380255	21.39837833887997	18.495656951422053	24.542059805895423
./14uninfected_CGAGGCTG-CTCTCTAT_L001_R1_001_fastqc	20	32.04771212044601	20.38448070189666	19.309050687396944	28.25875649026039
./14uninfected_CGAGGCTG-CTCTCTAT_L001_R1_001_fastqc	21	30.617481473918794	21.352795808410352	21.15388581514192	26.87583690252893
./14uninfected_CGAGGCTG-CTCTCTAT_L001_R1_001_fastqc	22	30.430294241292106	22.760254036584815	17.539753862951184	29.269697859171895
./14uninfected_CGAGGCTG-CTCTCTAT_L001_R1_001_fastqc	23	30.352822786375818	20.555675008888997	19.140424941188307	29.951077263546882
./14uninfected_CGAGGCTG-CTCTCTAT_L001_R1_001_fastqc	24	28.30913151359687	23.4326138616879	20.198908916303743	28.059345708411488
./14uninfected_CGAGGCTG-CTCTCTAT_L001_R1_001_fastqc	25	28.011129999276818	22.152119000721083	21.218972176132624	28.61777882386948
./14uninfected_CGAGGCTG-CTCTCTAT_L001_R1_001_fastqc	26	27.252236061397973	22.725026521601677	18.672182233625843	31.350555183374507
./14uninfected_CGAGGCTG-CTCTCTAT_L001_R1_001_fastqc	27	31.251996759844037	23.25921177708274	19.372322362886372	26.116469100186844
./14uninfected_CGAGGCTG-CTCTCTAT_L001_R1_001_fastqc	28	28.713251743565444	21.41928222349699	19.90751996517527	29.959946067762296
./14uninfected_CGAGGCTG-CTCTCTAT_L001_R1_001_fastqc	29	30.647604176275212	21.285803219919796	18.536640842668866	29.529951761136125
./14uninfected_CGAGGCTG-CTCTCTAT_L001_R1_001_fastqc	30	28.611672434081818	22.37958471272317	19.912010907929158	29.09673194526585
./14uninfected_CGAGGCTG-CTCTCTAT_L001_R1_001_fastqc	31	30.041466909909914	20.324057598010114	18.426483509435908	31.207991982644067
./14uninfected_CGAGGCTG-CTCTCTAT_L001_R1_001_fastqc	32	30.094160378610212	22.031903450260454	18.611598857897103	29.26233731323223
./14uninfected_CGAGGCTG-CTCTCTAT_L001_R1_001_fastqc	33	29.954810934656383	20.097435506137295	20.96406139518163	28.983692164024692
./14uninfected_CGAGGCTG-CTCTCTAT_L001_R1_001_fastqc	34	30.22588095846196	20.730676386057596	20.540371340655724	28.503071314824723
./14uninfected_CGAGGCTG-CTCTCTAT_L001_R1_001_fastqc	35	28.52851061139658	23.271278593578348	20.582212348336597	27.617998446688475
./14uninfected_CGAGGCTG-CTCTCTAT_L001_R1_001_fastqc	36	27.613472173997707	20.895936058739046	20.633493558400872	30.857098208862375
./14uninfected_CGAGGCTG-CTCTCTAT_L001_R1_001_fastqc	37	30.01491717848101	21.808433531482343	18.926944273444775	29.249705016591875
./14uninfected_CGAGGCTG-CTCTCTAT_L001_R1_001_fastqc	38	30.265972060451507	19.58594917256499	21.028816529766907	29.1192622372166
./14uninfected_CGAGGCTG-CTCTCTAT_L001_R1_001_fastqc	39	29.5367553608355	21.224141936230104	18.98268703408476	30.25641566884964
./14uninfected_CGAGGCTG-CTCTCTAT_L001_R1_001_fastqc	40	30.44167662864958	20.034258451530913	20.045394332977935	29.478670586841567
./14uninfected_CGAGGCTG-CTCTCTAT_L001_R1_001_fastqc	41	29.08979913080245	20.16564056955982	20.378513627817423	30.366046671820307
./14uninfected_CGAGGCTG-CTCTCTAT_L001_R1_001_fastqc	42	29.51133201336923	19.088761671809266	20.54348280870513	30.856423506116382
./14uninfected_CGAGGCTG-CTCTCTAT_L001_R1_001_fastqc	43	30.203410090222178	19.117964842595416	20.420381319810534	30.25824374737187
./14uninfected_CGAGGCTG-CTCTCTAT_L001_R1_001_fastqc	44	29.928358693428592	21.89833227171539	19.636819505725978	28.536489529130037
./14uninfected_CGAGGCTG-CTCTCTAT_L001_R1_001_fastqc	45	30.286060579821545	20.036248875703823	20.136353843220327	29.541336701254306
./7infected_AAGAGGCA-CTCTCTAT_L001_R1_001_fastqc	1	45.454086652291856	15.918744318449688	12.010479821797517	26.616689207460944
./7infected_AAGAGGCA-CTCTCTAT_L001_R1_001_fastqc	2	18.891494175581187	17.93507131605867	35.68649783609706	27.48693667226308
./7infected_AAGAGGCA-CTCTCTAT_L001_R1_001_fastqc	3	20.8505101782732	19.395395598160338	25.78342014022613	33.97067408334033
./7infected_AAGAGGCA-CTCTCTAT_L001_R1_001_fastqc	4	15.635811357027096	14.23239606686546	30.959051798386326	39.17274077772112
./7infected_AAGAGGCA-CTCTCTAT_L001_R1_001_fastqc	5	18.767284796874	32.07523885223207	29.903739832188215	19.253736518705715
./7infected_AAGAGGCA-CTCTCTAT_L001_R1_001_fastqc	6	38.5315721104822	31.189852800150398	13.695180560708462	16.583394528658935
./7infected_AAGAGGCA-CTCTCTAT_L001_R1_001_fastqc	7	33.364920185965076	28.16336885995307	17.08773289398553	21.38397806009632
./7infected_AAGAGGCA-CTCTCTAT_L001_R1_001_fastqc	8	30.48820677520063	30.47026971523489	16.338678580937678	22.702844928626803
./7infected_AAGAGGCA-CTCTCTAT_L001_R1_001_fastqc	9	28.54358747585401	14.48632702509379	16.21174111097399	40.75834438807821
./7infected_AAGAGGCA-CTCTCTAT_L001_R1_001_fastqc	10	20.663190581710282	22.871818531627007	26.08175680562137	30.383234081041337
./7infected_AAGAGGCA-CTCTCTAT_L001_R1_001_fastqc	11	39.151392203227225	20.590893362497955	18.312668275474923	21.945046158799894
./7infected_AAGAGGCA-CTCTCTAT_L001_R1_001_fastqc	12	27.9622183448844	20.98148096590564	24.749193462507428	26.307107226702538
./7infected_AAGAGGCA-CTCTCTAT_L001_R1_001_fastqc	13	32.62185422928929	17.73246992699527	22.070801642613436	27.574874201102002
./7infected_AAGAGGCA-CTCTCTAT_L001_R1_001_fastqc	14	25.919359751153266	17.966900914661217	21.567964567752426	34.5457747664331
./7infected_AAGAGGCA-CTCTCTAT_L001_R1_001_fastqc	15	28.29935328552097	22.803577037403812	19.402341867478736	29.494727809596483
./7infected_AAGAGGCA-CTCTCTAT_L001_R1_001_fastqc	16	28.036565833911673	23.88239988451267	19.58988553724548	28.49114874433018
./7infected_AAGAGGCA-CTCTCTAT_L001_R1_001_fastqc	17	28.318612377389247	23.360303717783385	20.26770137696905	28.05338252785832
./7infected_AAGAGGCA-CTCTCTAT_L001_R1_001_fastqc	18	29.469256288152312	21.61273439387554	21.40276099640648	27.51524832156566
./7infected_AAGAGGCA-CTCTCTAT_L001_R1_001_fastqc	19	31.2610632643242	22.027902827742214	20.775815375780006	25.93521853215358
./7infected_AAGAGGCA-CTCTCTAT_L001_R1_001_fastqc	20	29.23308873315677	21.33219474269366	21.79149439405256	27.643222130097012
./7infected_AAGAGGCA-CTCTCTAT_L001_R1_001_fastqc	21	28.833095657018763	21.575840740866678	21.95414913270506	27.636914469409497
./7infected_AAGAGGCA-CTCTCTAT_L001_R1_001_fastqc	22	28.719731421376437	22.415415026427475	20.277140460679945	28.587713091516147
./7infected_AAGAGGCA-CTCTCTAT_L001_R1_001_fastqc	23	28.519589235724958	21.14776569046001	21.526455006744882	28.806190067070155
./7infected_AAGAGGCA-CTCTCTAT_L001_R1_001_fastqc	24	27.953972450983844	22.60016898480666	21.54450970514263	27.90134885906686
./7infected_AAGAGGCA-CTCTCTAT_L001_R1_001_fastqc	25	28.016740957203755	22.002599361200907	22.059659602553516	27.921000079041825
./7infected_AAGAGGCA-CTCTCTAT_L001_R1_001_fastqc	26	27.204649250091407	22.364107864582927	20.916186034312666	29.515056851013
./7infected_AAGAGGCA-CTCTCTAT_L001_R1_001_fastqc	27	29.221067205771856	22.796165816187486	20.81042348210991	27.172343495930747
./7infected_AAGAGGCA-CTCTCTAT_L001_R1_001_fastqc	28	28.264056154089317	21.696313698900177	21.048333206265156	28.991296940745354
./7infected_AAGAGGCA-CTCTCTAT_L001_R1_001_fastqc	29	28.978440740676213	21.894147930552318	20.792973781362477	28.334437547408985
./7infected_AAGAGGCA-CTCTCTAT_L001_R1_001_fastqc	30	27.77607513264153	22.32415561234193	21.838051203976132	28.0617180510404
./7infected_AAGAGGCA-CTCTCTAT_L001_R1_001_fastqc	31	28.871905135920283	21.120294315671753	20.737515663417174	29.270284884990787
./7infected_AAGAGGCA-CTCTCTAT_L001_R1_001_fastqc	32	28.356242372033197	22.253807310199157	21.06122422456555	28.328726093202093
./7infected_AAGAGGCA-CTCTCTAT_L001_R1_001_fastqc	33	29.04013102067824	21.05185704871396	21.6541965628359	28.253815367771896
./7infected_AAGAGGCA-CTCTCTAT_L001_R1_001_fastqc	34	28.3983152159878	21.48898996706628	21.48141069094709	28.631284125998828
./7infected_AAGAGGCA-CTCTCTAT_L001_R1_001_fastqc	35	28.076614415272154	22.315441899849993	22.02768073204012	27.58026295283773
./7infected_AAGAGGCA-CTCTCTAT_L001_R1_001_fastqc	36	27.922276134107925	21.249185976585817	21.60497267822316	29.2235652110831
./7infected_AAGAGGCA-CTCTCTAT_L001_R1_001_fastqc	37	29.023993480304703	21.654430940856944	21.087408362300202	28.234167216538147
./7infected_AAGAGGCA-CTCTCTAT_L001_R1_001_fastqc	38	29.516039275523248	20.731082501387306	22.20932044704427	27.543557776045173
./7infected_AAGAGGCA-CTCTCTAT_L001_R1_001_fastqc	39	28.54862911399964	21.80690797791668	20.539941568407727	29.104521339675955
./7infected_AAGAGGCA-CTCTCTAT_L001_R1_001_fastqc	40	28.97620165724424	20.97822437829253	21.657411173623554	28.388162790839676
./7infected_AAGAGGCA-CTCTCTAT_L001_R1_001_fastqc	41	28.679865755307336	21.24636083580099	21.90837487703265	28.165398531859026
./7infected_AAGAGGCA-CTCTCTAT_L001_R1_001_fastqc	42	28.045880788778142	21.077242191691745	21.949408071319823	28.92746894821029
./7infected_AAGAGGCA-CTCTCTAT_L001_R1_001_fastqc	43	29.084653068559458	20.782253042746223	21.648256811209578	28.48483707748474
./7infected_AAGAGGCA-CTCTCTAT_L001_R1_001_fastqc	44	28.7474172760898	21.788358589745915	21.28926911126064	28.174955022903642
./7infected_AAGAGGCA-CTCTCTAT_L001_R1_001_fastqc	45	28.906675393667353	21.302667307224336	21.16441261474355	28.62624468436476
./11infected_CGAGGCTG-GCGTAAGA_L001_R2_001_fastqc	1	47.366025921873316	15.844695526968744	11.090308248809475	25.698970302348467
./11infected_CGAGGCTG-GCGTAAGA_L001_R2_001_fastqc	2	19.975985830373986	18.829167501447568	34.144015666727576	27.05083100145087
./11infected_CGAGGCTG-GCGTAAGA_L001_R2_001_fastqc	3	20.680493206901637	19.88202069082431	25.76821124983763	33.66927485243642
./11infected_CGAGGCTG-GCGTAAGA_L001_R2_001_fastqc	4	14.777284125659659	14.324768664783546	30.493916924072735	40.40403028548406
./11infected_CGAGGCTG-GCGTAAGA_L001_R2_001_fastqc	5	18.652795727096	32.17324657482976	28.334270856496207	20.839686841578033
./11infected_CGAGGCTG-GCGTAAGA_L001_R2_001_fastqc	6	36.95475287297852	33.22844148540025	11.94270184400012	17.874103797621107
./11infected_CGAGGCTG-GCGTAAGA_L001_R2_001_fastqc	7	33.70174604893257	28.886885342186762	15.670161509484979	21.74120709939569
./11infected_CGAGGCTG-GCGTAAGA_L001_R2_001_fastqc	8	32.22023599348156	28.29900868028202	14.598280282639028	24.882475043597392
./11infected_CGAGGCTG-GCGTAAGA_L001_R2_001_fastqc	9	30.160377146065375	13.581030650907946	14.995603665867154	41.26298853715952
./11infected_CGAGGCTG-GCGTAAGA_L001_R2_001_fastqc	10	22.242704566349225	21.18944404317106	23.15192503972166	33.41592635075805
./11infected_CGAGGCTG-GCGTAAGA_L001_R2_001_fastqc	11	39.78020421940687	21.244413079793514	16.905408600127092	22.06997410067253
./11infected_CGAGGCTG-GCGTAAGA_L001_R2_001_fastqc	12	30.045688219379663	21.78178824504497	22.116406422462042	26.05611711311332
./11infected_CGAGGCTG-GCGTAAGA_L001_R2_001_fastqc	13	34.10424956145215	17.982356109556076	21.052554490995412	26.860839837996366
./11infected_CGAGGCTG-GCGTAAGA_L001_R2_001_fastqc	14	27.00090825741213	18.71304835986198	20.39096803634263	33.89507534638326
./11infected_CGAGGCTG-GCGTAAGA_L001_R2_001_fastqc	15	29.13343645731302	21.591062451383603	19.157868063599594	30.117633027703782
./11infected_CGAGGCTG-GCGTAAGA_L001_R2_001_fastqc	16	28.225305371017463	24.536255014735215	17.710417931762716	29.528021682484614
./11infected_CGAGGCTG-GCGTAAGA_L001_R2_001_fastqc	17	30.168593352129864	23.138297096192396	17.677355873015784	29.01575367866196
./11infected_CGAGGCTG-GCGTAAGA_L001_R2_001_fastqc	18	32.39298378385581	20.00778713233373	19.099420513350537	28.499808570459916
./11infected_CGAGGCTG-GCGTAAGA_L001_R2_001_fastqc	19	34.47431131089086	21.60020977460683	18.700511947835636	25.224966966666674
./11infected_CGAGGCTG-GCGTAAGA_L001_R2_001_fastqc	20	31.270115182088293	20.380989237047444	19.765947644265044	28.58294793659922
./11infected_CGAGGCTG-GCGTAAGA_L001_R2_001_fastqc	21	30.382723432717274	21.03763178767867	21.01278919840695	27.566855581197107
./11infected_CGAGGCTG-GCGTAAGA_L001_R2_001_fastqc	22	29.886373223249652	22.54404305546102	18.19726182916103	29.3723218921283
./11infected_CGAGGCTG-GCGTAAGA_L001_R2_001_fastqc	23	30.050274186548158	20.220339163152516	19.60308977608819	30.12629687421114
./11infected_CGAGGCTG-GCGTAAGA_L001_R2_001_fastqc	24	28.422624364686033	23.17717186577571	20.217178732234373	28.18302503730389
./11infected_CGAGGCTG-GCGTAAGA_L001_R2_001_fastqc	25	28.24600468732846	21.709314498860763	21.01940749551898	29.0252733182918
./11infected_CGAGGCTG-GCGTAAGA_L001_R2_001_fastqc	26	27.35032275929402	22.274775077426764	18.954571819367587	31.420330343911633
./11infected_CGAGGCTG-GCGTAAGA_L001_R2_001_fastqc	27	31.072532338027127	22.904539946644313	19.43846308399526	26.584464631333304
./11infected_CGAGGCTG-GCGTAAGA_L001_R2_001_fastqc	28	28.811703236941938	21.142123799925567	19.92486011692819	30.121312846204308
./11infected_CGAGGCTG-GCGTAAGA_L001_R2_001_fastqc	29	30.589749045115145	21.142996402470477	18.880334459681194	29.38692009273318
./11infected_CGAGGCTG-GCGTAAGA_L001_R2_001_fastqc	30	28.7200792243415	21.911846125933554	19.971862914578068	29.39621173514688
./11infected_CGAGGCTG-GCGTAAGA_L001_R2_001_fastqc	31	29.90603898810337	19.995116133369873	18.665848576783546	31.43299630174321
./11infected_CGAGGCTG-GCGTAAGA_L001_R2_001_fastqc	32	29.96658830606682	21.708911251705814	18.969574173679682	29.354926268547683
./11infected_CGAGGCTG-GCGTAAGA_L001_R2_001_fastqc	33	30.162649181456057	19.91171333721305	20.85449404326073	29.071143438070163
./11infected_CGAGGCTG-GCGTAAGA_L001_R2_001_fastqc	34	29.921431187973457	20.74055702877012	20.371580531669174	28.96643125158725
./11infected_CGAGGCTG-GCGTAAGA_L001_R2_001_fastqc	35	28.832625706938042	22.666369298376036	20.416508345586006	28.08449664909991
./11infected_CGAGGCTG-GCGTAAGA_L001_R2_001_fastqc	36	28.152275537926	20.381374363898857	20.71471834250846	30.75163175566668
./11infected_CGAGGCTG-GCGTAAGA_L001_R2_001_fastqc	37	30.276335360081553	21.27467244601669	19.10024669761588	29.34874549628588
./11infected_CGAGGCTG-GCGTAAGA_L001_R2_001_fastqc	38	30.49324467324357	19.50080484347861	21.232756196116252	28.77319428716157
./11infected_CGAGGCTG-GCGTAAGA_L001_R2_001_fastqc	39	29.714391654835996	21.064252117806113	18.96947596154402	30.251880265813867
./11infected_CGAGGCTG-GCGTAAGA_L001_R2_001_fastqc	40	30.54164518002115	19.745420075047473	20.03735578939022	29.67557895554116
./11infected_CGAGGCTG-GCGTAAGA_L001_R2_001_fastqc	41	29.386428486180005	19.858537101998255	20.58817908499907	30.166855326822674
./11infected_CGAGGCTG-GCGTAAGA_L001_R2_001_fastqc	42	29.334869990378547	19.153817784454173	20.73607127868609	30.775240946481187
./11infected_CGAGGCTG-GCGTAAGA_L001_R2_001_fastqc	43	30.16303656637162	19.176872624688865	20.30980416122303	30.35028664771648
./11infected_CGAGGCTG-GCGTAAGA_L001_R2_001_fastqc	44	30.04158790003597	21.427759283193332	19.62527557193893	28.90537724483177
./11infected_CGAGGCTG-GCGTAAGA_L001_R2_001_fastqc	45	30.458408668576542	19.973009260921344	19.94977821759586	29.618803852906257
./5uninfected_AAGAGGCA-GCGTAAGA_L001_R2_001_fastqc	1	45.92011085630466	15.951019010214315	11.721757559450948	26.407112574030073
./5uninfected_AAGAGGCA-GCGTAAGA_L001_R2_001_fastqc	2	19.07202207035031	18.29723907896395	34.82503605363357	27.805702797052167
./5uninfected_AAGAGGCA-GCGTAAGA_L001_R2_001_fastqc	3	20.483643018839608	19.5756398337412	26.029451363699092	33.911265783720104
./5uninfected_AAGAGGCA-GCGTAAGA_L001_R2_001_fastqc	4	15.343406650672762	14.148786298560964	31.139259544792612	39.36854750597366
./5uninfected_AAGAGGCA-GCGTAAGA_L001_R2_001_fastqc	5	18.53519145706066	32.25683934034812	30.035490821676497	19.172478380914722
./5uninfected_AAGAGGCA-GCGTAAGA_L001_R2_001_fastqc	6	38.14031570040906	31.425650365541845	13.757014707798271	16.67701922625082
./5uninfected_AAGAGGCA-GCGTAAGA_L001_R2_001_fastqc	7	33.162511856663265	28.256369590602016	17.439741156579583	21.14137739615514
./5uninfected_AAGAGGCA-GCGTAAGA_L001_R2_001_fastqc	8	30.975645377398713	29.58332567101587	16.495351503646052	22.945677447939364
./5uninfected_AAGAGGCA-GCGTAAGA_L001_R2_001_fastqc	9	28.86012758200337	14.203866679255004	16.263786446788494	40.672219291953134
./5uninfected_AAGAGGCA-GCGTAAGA_L001_R2_001_fastqc	10	20.65888288707461	22.9139127861452	26.183512895965432	30.24369143081475
./5uninfected_AAGAGGCA-GCGTAAGA_L001_R2_001_fastqc	11	38.905408944075496	20.569874540606133	18.54707130430059	21.977645211017776
./5uninfected_AAGAGGCA-GCGTAAGA_L001_R2_001_fastqc	12	27.84241466302066	21.254150683305404	24.8214337275569	26.082000926117033
./5uninfected_AAGAGGCA-GCGTAAGA_L001_R2_001_fastqc	13	32.70041775582846	17.918232914607916	21.992872127063134	27.388477202500493
./5uninfected_AAGAGGCA-GCGTAAGA_L001_R2_001_fastqc	14	25.91179274278521	18.15253262113069	21.69543851934935	34.24023611673475
./5uninfected_AAGAGGCA-GCGTAAGA_L001_R2_001_fastqc	15	28.25069440270887	22.919165899742087	19.544631802414276	29.285507895134767
./5uninfected_AAGAGGCA-GCGTAAGA_L001_R2_001_fastqc	16	28.04096109796999	24.028529171109536	19.6208299730581	28.309679757862376
./5uninfected_AAGAGGCA-GCGTAAGA_L001_R2_001_fastqc	17	28.306263248154632	23.455110708495123	20.27591184385225	27.962714199497995
./5uninfected_AAGAGGCA-GCGTAAGA_L001_R2_001_fastqc	18	29.58970089799632	21.624375519570442	21.382023829110725	27.40389975332251
./5uninfected_AAGAGGCA-GCGTAAGA_L001_R2_001_fastqc	19	31.28038164714707	22.169447384945233	20.706743638184886	25.84342732972281
./5uninfected_AAGAGGCA-GCGTAAGA_L001_R2_001_fastqc	20	29.256900636902895	21.473929287480658	21.74923504493055	27.519935030685893
./5uninfected_AAGAGGCA-GCGTAAGA_L001_R2_001_fastqc	21	28.785626081887006	21.771667360300505	21.947902395667278	27.494804162145215
./5uninfected_AAGAGGCA-GCGTAAGA_L001_R2_001_fastqc	22	28.587548258604734	22.640715984541846	20.349842665558377	28.421893091295047
./5uninfected_AAGAGGCA-GCGTAAGA_L001_R2_001_fastqc	23	28.535851197996504	21.28803503701835	21.43419013464586	28.74192363033929
./5uninfected_AAGAGGCA-GCGTAAGA_L001_R2_001_fastqc	24	27.853504406172945	22.85579285852104	21.52981636085448	27.760886374451538
./5uninfected_AAGAGGCA-GCGTAAGA_L001_R2_001_fastqc	25	27.939049512486676	22.164165550234475	21.991098733418664	27.905686203860185
./5uninfected_AAGAGGCA-GCGTAAGA_L001_R2_001_fastqc	26	27.232984368372744	22.47904827796362	20.86222976304228	29.425737590621353
./5uninfected_AAGAGGCA-GCGTAAGA_L001_R2_001_fastqc	27	29.145770316342706	22.933007061895257	20.883840495570997	27.037382126191034
./5uninfected_AAGAGGCA-GCGTAAGA_L001_R2_001_fastqc	28	28.17498336282913	21.845864565569062	21.09229135683066	28.886860714771146
./5uninfected_AAGAGGCA-GCGTAAGA_L001_R2_001_fastqc	29	28.947365606892372	22.014456960359656	20.737118906066115	28.301058526681857
./5uninfected_AAGAGGCA-GCGTAAGA_L001_R2_001_fastqc	30	27.791682925976357	22.409048478283676	21.658309497336823	28.14095909840314
./5uninfected_AAGAGGCA-GCGTAAGA_L001_R2_001_fastqc	31	28.83261051931051	21.153436622631823	20.68583672064945	29.328116137408216
./5uninfected_AAGAGGCA-GCGTAAGA_L001_R2_001_fastqc	32	28.407561995244528	22.401201830317458	20.88018145742621	28.311054717011803
./5uninfected_AAGAGGCA-GCGTAAGA_L001_R2_001_fastqc	33	29.09931671904491	21.070829672632247	21.59989055867486	28.22996304964798
./5uninfected_AAGAGGCA-GCGTAAGA_L001_R2_001_fastqc	34	28.33812063969238	21.654375627962917	21.509387260085138	28.49811647225956
./5uninfected_AAGAGGCA-GCGTAAGA_L001_R2_001_fastqc	35	28.060899736875104	22.45494109836529	21.871125217878163	27.613033946881444
./5uninfected_AAGAGGCA-GCGTAAGA_L001_R2_001_fastqc	36	27.86648581434234	21.32812142428477	21.68417443779865	29.12121832357424
./5uninfected_AAGAGGCA-GCGTAAGA_L001_R2_001_fastqc	37	28.958303500262712	21.74231691709691	21.075624655037018	28.223754927603363
./5uninfected_AAGAGGCA-GCGTAAGA_L001_R2_001_fastqc	38	29.507294956688035	20.841650079522033	22.19149247936545	27.45956248442448
./5uninfected_AAGAGGCA-GCGTAAGA_L001_R2_001_fastqc	39	28.544463072669775	21.865951100418375	20.500882115237214	29.08870371167464
./5uninfected_AAGAGGCA-GCGTAAGA_L001_R2_001_fastqc	40	28.888238555569888	21.009751025063682	21.613664471461973	28.488345947904453
./5uninfected_AAGAGGCA-GCGTAAGA_L001_R2_001_fastqc	41	28.645141829833083	21.248635210251827	21.892422879852774	28.213800080062317
./5uninfected_AAGAGGCA-GCGTAAGA_L001_R2_001_fastqc	42	28.063994379385086	21.033092760464065	21.95473030993585	28.948182550214995
./5uninfected_AAGAGGCA-GCGTAAGA_L001_R2_001_fastqc	43	28.976430321194748	20.828301578119536	21.609625256755844	28.58564284392987
./5uninfected_AAGAGGCA-GCGTAAGA_L001_R2_001_fastqc	44	28.653628406318543	21.820424937307692	21.23234353603699	28.293603120336776
./5uninfected_AAGAGGCA-GCGTAAGA_L001_R2_001_fastqc	45	28.888866193791134	21.322699052167167	21.152808422100872	28.635626331940827
./11infected_CGAGGCTG-GCGTAAGA_L001_R1_001_fastqc	1	46.96316658660285	16.080202911961532	11.287498090644045	25.66913241079157
./11infected_CGAGGCTG-GCGTAAGA_L001_R1_001_fastqc	2	20.14039180028665	19.08277760776379	33.8563520038044	26.92047858814516
./11infected_CGAGGCTG-GCGTAAGA_L001_R1_001_fastqc	3	20.734009083883922	20.220662863735136	25.978262305404314	33.067065746976624
./11infected_CGAGGCTG-GCGTAAGA_L001_R1_001_fastqc	4	14.959308559237888	14.723234355839027	30.5673739737699	39.75008311115318
./11infected_CGAGGCTG-GCGTAAGA_L001_R1_001_fastqc	5	18.61397566329305	32.46598497174221	28.480463925356275	20.439575439608465
./11infected_CGAGGCTG-GCGTAAGA_L001_R1_001_fastqc	6	36.7801968688561	33.58521149862069	12.038122150278173	17.596469482245038
./11infected_CGAGGCTG-GCGTAAGA_L001_R1_001_fastqc	7	33.62519291694829	29.071857572802067	15.720815876321797	21.582133633927842
./11infected_CGAGGCTG-GCGTAAGA_L001_R1_001_fastqc	8	31.99415579983752	28.657666811239714	14.726900053059042	24.621277335863727
./11infected_CGAGGCTG-GCGTAAGA_L001_R1_001_fastqc	9	30.02731659955395	13.65823372837734	15.019374255577253	41.29507541649146
./11infected_CGAGGCTG-GCGTAAGA_L001_R1_001_fastqc	10	21.98147446891423	21.552565877973013	23.378644506627978	33.087315146484784
./11infected_CGAGGCTG-GCGTAAGA_L001_R1_001_fastqc	11	39.86868988201518	21.292763715541895	16.96733456477276	21.871211837670156
./11infected_CGAGGCTG-GCGTAAGA_L001_R1_001_fastqc	12	29.823077820660444	21.86272459275535	22.270745314402337	26.04345227218187
./11infected_CGAGGCTG-GCGTAAGA_L001_R1_001_fastqc	13	34.06895693851536	18.036408189145572	21.206063921833685	26.68857095050538
./11infected_CGAGGCTG-GCGTAAGA_L001_R1_001_fastqc	14	26.908309133860698	18.806997188531323	20.59469607737373	33.68999760023425
./11infected_CGAGGCTG-GCGTAAGA_L001_R1_001_fastqc	15	29.090268619650338	21.8957929244338	19.101315247759302	29.912623208156564
./11infected_CGAGGCTG-GCGTAAGA_L001_R1_001_fastqc	16	28.14406190074657	24.60608065414532	17.86376816061258	29.386089284495533
./11infected_CGAGGCTG-GCGTAAGA_L001_R1_001_fastqc	17	30.225935743520083	23.182210470464167	17.73169848374434	28.860155302271412
./11infected_CGAGGCTG-GCGTAAGA_L001_R1_001_fastqc	18	32.13362291974435	20.222264542250187	19.270586797765795	28.373525740239668
./11infected_CGAGGCTG-GCGTAAGA_L001_R1_001_fastqc	19	34.38785608450698	21.791992047748735	18.847644596894394	24.972507270849892
./11infected_CGAGGCTG-GCGTAAGA_L001_R1_001_fastqc	20	31.251334732095877	20.515063483711316	19.809603906554443	28.423997877638367
./11infected_CGAGGCTG-GCGTAAGA_L001_R1_001_fastqc	21	30.194408545808006	21.227348082719267	21.258600077937345	27.319643293535385
./11infected_CGAGGCTG-GCGTAAGA_L001_R1_001_fastqc	22	29.882884826655452	22.652671335568712	18.18080693774479	29.28363690003104
./11infected_CGAGGCTG-GCGTAAGA_L001_R1_001_fastqc	23	30.01056777576941	20.382283784408568	19.695400375596364	29.91174806422566
./11infected_CGAGGCTG-GCGTAAGA_L001_R1_001_fastqc	24	28.32239311685538	23.26247602986277	20.387914427435707	28.027216425846134
./11infected_CGAGGCTG-GCGTAAGA_L001_R1_001_fastqc	25	28.22549431871971	21.864089597125567	21.21690139604721	28.69351468810751
./11infected_CGAGGCTG-GCGTAAGA_L001_R1_001_fastqc	26	27.081439022833	22.45019935668665	19.05367219199887	31.41468942848148
./11infected_CGAGGCTG-GCGTAAGA_L001_R1_001_fastqc	27	30.896802367181774	23.106937084306633	19.54285563317489	26.453404915336705
./11infected_CGAGGCTG-GCGTAAGA_L001_R1_001_fastqc	28	28.833141425460855	21.26129155832862	20.02925402511168	29.876312991098853
./11infected_CGAGGCTG-GCGTAAGA_L001_R1_001_fastqc	29	30.46841666097915	21.26178141876793	19.02761601986742	29.242185900385504
./11infected_CGAGGCTG-GCGTAAGA_L001_R1_001_fastqc	30	28.577115041247346	22.094175394255092	20.19991259568791	29.12879696880965
./11infected_CGAGGCTG-GCGTAAGA_L001_R1_001_fastqc	31	29.827370979566766	20.074838566217025	18.818555693279116	31.279234760937097
./11infected_CGAGGCTG-GCGTAAGA_L001_R1_001_fastqc	32	29.798970947804946	21.835685966087546	19.245673621005828	29.119669465101683
./11infected_CGAGGCTG-GCGTAAGA_L001_R1_001_fastqc	33	30.061589474979694	20.085484857084545	21.04158084899664	28.811344818939116
./11infected_CGAGGCTG-GCGTAAGA_L001_R1_001_fastqc	34	29.924583508545588	20.758870877191438	20.548858349973912	28.767687264289066
./11infected_CGAGGCTG-GCGTAAGA_L001_R1_001_fastqc	35	28.61591011016287	22.790220279505505	20.681220089504993	27.912649520826633
./11infected_CGAGGCTG-GCGTAAGA_L001_R1_001_fastqc	36	28.033070427893573	20.541773519703817	20.795077964555322	30.630078087847284
./11infected_CGAGGCTG-GCGTAAGA_L001_R1_001_fastqc	37	30.172116239075375	21.365145615330487	19.162137014334625	29.300601131259512
./11infected_CGAGGCTG-GCGTAAGA_L001_R1_001_fastqc	38	30.51759536029575	19.58579667680286	21.252965410438783	28.643642552462605
./11infected_CGAGGCTG-GCGTAAGA_L001_R1_001_fastqc	39	29.59407345762032	21.21825572758468	19.179301904649463	30.008368910145535
./11infected_CGAGGCTG-GCGTAAGA_L001_R1_001_fastqc	40	30.46377383221572	19.911811314168506	20.226628586456304	29.397786267159475
./11infected_CGAGGCTG-GCGTAAGA_L001_R1_001_fastqc	41	29.253703445115015	20.048032792723152	20.639883895248794	30.058379866913036
./11infected_CGAGGCTG-GCGTAAGA_L001_R1_001_fastqc	42	29.15110419239696	19.294785787021745	20.894026272045306	30.660083748535992
./11infected_CGAGGCTG-GCGTAAGA_L001_R1_001_fastqc	43	30.086657417293804	19.284667218796287	20.576495316961463	30.052180046948447
./11infected_CGAGGCTG-GCGTAAGA_L001_R1_001_fastqc	44	29.921969084852634	21.617453122007174	19.81701235769279	28.643565435447403
./11infected_CGAGGCTG-GCGTAAGA_L001_R1_001_fastqc	45	30.338700820229086	20.12231580016905	20.210733942686836	29.328249436915026
./10uninfected_GTAGAGGA-CTAAGCCT_L001_R1_001_fastqc	1	45.72771177983866	16.337330605902217	11.983638481709557	25.951319132549568
./10uninfected_GTAGAGGA-CTAAGCCT_L001_R1_001_fastqc	2	18.93471201128363	18.934926561579296	35.12700400107695	27.003357426060127
./10uninfected_GTAGAGGA-CTAAGCCT_L001_R1_001_fastqc	3	20.487507856712632	20.61092195456464	26.06538644346316	32.836183745259575
./10uninfected_GTAGAGGA-CTAAGCCT_L001_R1_001_fastqc	4	15.094051936333106	15.172186386230676	31.633328967632128	38.10043270980408
./10uninfected_GTAGAGGA-CTAAGCCT_L001_R1_001_fastqc	5	18.629554741864286	32.477088531509544	29.544219364232166	19.349137362393996
./10uninfected_GTAGAGGA-CTAAGCCT_L001_R1_001_fastqc	6	36.66016611056024	32.97600378905358	13.554439014626752	16.809391085759422
./10uninfected_GTAGAGGA-CTAAGCCT_L001_R1_001_fastqc	7	32.59741787288829	28.889235453835617	17.248246563869742	21.265100109406347
./10uninfected_GTAGAGGA-CTAAGCCT_L001_R1_001_fastqc	8	30.641048153525325	29.659900115871462	16.41431817131822	23.28473355928499
./10uninfected_GTAGAGGA-CTAAGCCT_L001_R1_001_fastqc	9	29.050558205039806	14.327973882840187	16.14389897865954	40.47756893346047
./10uninfected_GTAGAGGA-CTAAGCCT_L001_R1_001_fastqc	10	20.953949735061375	22.68873667684382	25.384589748605695	30.97272383948911
./10uninfected_GTAGAGGA-CTAAGCCT_L001_R1_001_fastqc	11	38.76828487015631	21.30248907426458	18.249123693156267	21.68010236242284
./10uninfected_GTAGAGGA-CTAAGCCT_L001_R1_001_fastqc	12	28.603988451854175	21.70119980816343	24.030300604512146	25.664511135470253
./10uninfected_GTAGAGGA-CTAAGCCT_L001_R1_001_fastqc	13	32.79508067639412	18.208893128826535	21.871075964488206	27.124950230291134
./10uninfected_GTAGAGGA-CTAAGCCT_L001_R1_001_fastqc	14	26.320496280579913	18.60331762459639	21.53414141238841	33.54204468243528
./10uninfected_GTAGAGGA-CTAAGCCT_L001_R1_001_fastqc	15	28.222270101372153	22.918529579071865	19.834044869523147	29.025155450032834
./10uninfected_GTAGAGGA-CTAAGCCT_L001_R1_001_fastqc	16	27.78042999025989	24.526264603544668	19.40746643610933	28.285838970086107
./10uninfected_GTAGAGGA-CTAAGCCT_L001_R1_001_fastqc	17	28.78436803709794	23.57215943871354	19.743318701162092	27.900153823026425
./10uninfected_GTAGAGGA-CTAAGCCT_L001_R1_001_fastqc	18	30.291631542002058	21.2339474064755	21.096377756893823	27.37804329462862
./10uninfected_GTAGAGGA-CTAAGCCT_L001_R1_001_fastqc	19	32.14089298598372	22.277019427243204	20.345961874984596	25.23612571178849
./10uninfected_GTAGAGGA-CTAAGCCT_L001_R1_001_fastqc	20	29.94514235006856	21.347530333001608	21.149109451784422	27.558217865145412
./10uninfected_GTAGAGGA-CTAAGCCT_L001_R1_001_fastqc	21	29.245856187508952	21.80084173325553	21.75630109187506	27.197000987360457
./10uninfected_GTAGAGGA-CTAAGCCT_L001_R1_001_fastqc	22	29.145284544468957	22.744863034190306	19.78518461552325	28.324667805817487
./10uninfected_GTAGAGGA-CTAAGCCT_L001_R1_001_fastqc	23	28.816455225761022	21.268132420251774	21.02744513078819	28.887967223199006
./10uninfected_GTAGAGGA-CTAAGCCT_L001_R1_001_fastqc	24	27.83582687660111	23.16712662276904	21.3991129918643	27.59793350876555
./10uninfected_GTAGAGGA-CTAAGCCT_L001_R1_001_fastqc	25	27.627412719390193	22.433316933744436	22.056385438747963	27.882884908117404
./10uninfected_GTAGAGGA-CTAAGCCT_L001_R1_001_fastqc	26	26.810724635041606	22.843212889724057	20.566386080968517	29.779676394265824
./10uninfected_GTAGAGGA-CTAAGCCT_L001_R1_001_fastqc	27	29.496408022788867	23.185315720057254	20.635261493661968	26.683014763491915
./10uninfected_GTAGAGGA-CTAAGCCT_L001_R1_001_fastqc	28	28.1134740303316	21.868339256272364	20.985722249957483	29.032464463438558
./10uninfected_GTAGAGGA-CTAAGCCT_L001_R1_001_fastqc	29	29.304743091993018	21.929724479754867	20.463444849107493	28.302087579144626
./10uninfected_GTAGAGGA-CTAAGCCT_L001_R1_001_fastqc	30	27.810929506735043	22.631323017723332	21.525602310620865	28.032145164920756
./10uninfected_GTAGAGGA-CTAAGCCT_L001_R1_001_fastqc	31	29.088147416840666	21.103071726118632	20.285658938549126	29.52312191849158
./10uninfected_GTAGAGGA-CTAAGCCT_L001_R1_001_fastqc	32	28.565223616396686	22.390289396582563	20.54715688517714	28.49733010184361
./10uninfected_GTAGAGGA-CTAAGCCT_L001_R1_001_fastqc	33	29.105873939162773	20.986526175264615	21.792047296653	28.115552588919613
./10uninfected_GTAGAGGA-CTAAGCCT_L001_R1_001_fastqc	34	28.807591914657806	21.35566417309956	21.60840442139528	28.228339490847354
./10uninfected_GTAGAGGA-CTAAGCCT_L001_R1_001_fastqc	35	28.241824597973352	22.65687424624101	21.741747955628014	27.35955320015762
./10uninfected_GTAGAGGA-CTAAGCCT_L001_R1_001_fastqc	36	27.639331998818534	21.334877155743218	21.5322795005129	29.49351134492535
./10uninfected_GTAGAGGA-CTAAGCCT_L001_R1_001_fastqc	37	29.166199617514753	21.808076435639165	20.73327296936604	28.292450977480037
./10uninfected_GTAGAGGA-CTAAGCCT_L001_R1_001_fastqc	38	29.451336940617885	20.66484102875504	22.106435745530053	27.777386285097027
./10uninfected_GTAGAGGA-CTAAGCCT_L001_R1_001_fastqc	39	28.665191164129737	21.937206641125005	20.33177876501668	29.06582342972858
./10uninfected_GTAGAGGA-CTAAGCCT_L001_R1_001_fastqc	40	29.182733022109232	20.992903865432336	21.339157127931145	28.485205984527283
./10uninfected_GTAGAGGA-CTAAGCCT_L001_R1_001_fastqc	41	28.524595244367152	21.217374306137458	21.68824131695915	28.56978913253624
./10uninfected_GTAGAGGA-CTAAGCCT_L001_R1_001_fastqc	42	28.308438898853293	20.80542291709408	21.755780784671607	29.13035739938102
./10uninfected_GTAGAGGA-CTAAGCCT_L001_R1_001_fastqc	43	29.13747491370668	20.529745658252942	21.502211560608814	28.83056786743157
./10uninfected_GTAGAGGA-CTAAGCCT_L001_R1_001_fastqc	44	28.75536495010513	22.084990535946716	21.000247924821565	28.15939658912659
./10uninfected_GTAGAGGA-CTAAGCCT_L001_R1_001_fastqc	45	29.080446020099405	21.216354477167357	21.18688445084458	28.516315051888654
./9uninfected_GTAGAGGA-AAGGAGTA_L001_R1_001_fastqc	1	45.76829177080862	15.854208616675363	11.857804355211844	26.51969525730417
./9uninfected_GTAGAGGA-AAGGAGTA_L001_R1_001_fastqc	2	19.17054347865725	18.237883172290534	34.96099749321361	27.6305758558386
./9uninfected_GTAGAGGA-AAGGAGTA_L001_R1_001_fastqc	3	20.80847297352516	19.631450318381226	25.972944772248418	33.58713193584519
./9uninfected_GTAGAGGA-AAGGAGTA_L001_R1_001_fastqc	4	15.609609887037056	14.309342433528643	30.96458118134541	39.11646649808889
./9uninfected_GTAGAGGA-AAGGAGTA_L001_R1_001_fastqc	5	18.661392525495884	32.294316863073206	29.835994325718033	19.20829628571287
./9uninfected_GTAGAGGA-AAGGAGTA_L001_R1_001_fastqc	6	38.35363538259466	31.49036207069214	13.550139327727933	16.605863218985263
./9uninfected_GTAGAGGA-AAGGAGTA_L001_R1_001_fastqc	7	33.296844407661496	28.316498776154514	17.0496305180695	21.33702629811449
./9uninfected_GTAGAGGA-AAGGAGTA_L001_R1_001_fastqc	8	30.859714870229926	29.991867834973057	16.184434361029414	22.963982933767596
./9uninfected_GTAGAGGA-AAGGAGTA_L001_R1_001_fastqc	9	28.852378249184234	14.055236821605433	16.005885791189904	41.08649913802043
./9uninfected_GTAGAGGA-AAGGAGTA_L001_R1_001_fastqc	10	20.805924951253296	22.756227950841218	25.854132130055916	30.583714967849566
./9uninfected_GTAGAGGA-AAGGAGTA_L001_R1_001_fastqc	11	39.220538013266356	20.50795127882199	18.23478346813228	22.03672723977937
./9uninfected_GTAGAGGA-AAGGAGTA_L001_R1_001_fastqc	12	27.99609783246057	21.1290515774876	24.525429683047538	26.349420907004294
./9uninfected_GTAGAGGA-AAGGAGTA_L001_R1_001_fastqc	13	32.844409157582696	17.75726071803361	21.8877170272126	27.5106130971711
./9uninfected_GTAGAGGA-AAGGAGTA_L001_R1_001_fastqc	14	26.04683741813251	17.96707281985838	21.497219757056126	34.48887000495298
./9uninfected_GTAGAGGA-AAGGAGTA_L001_R1_001_fastqc	15	28.49451436518854	22.659548037887266	19.31280727629136	29.53313032063284
./9uninfected_GTAGAGGA-AAGGAGTA_L001_R1_001_fastqc	16	28.14527635475539	23.759498863395056	19.445383914022155	28.649840867827397
./9uninfected_GTAGAGGA-AAGGAGTA_L001_R1_001_fastqc	17	28.550313715307276	23.146725220997684	20.019937222341547	28.283023841353494
./9uninfected_GTAGAGGA-AAGGAGTA_L001_R1_001_fastqc	18	29.79343534087255	21.38347978305624	21.148154731621254	27.674930144449956
./9uninfected_GTAGAGGA-AAGGAGTA_L001_R1_001_fastqc	19	31.67059373781215	21.845588167227685	20.561646757340103	25.92217133762006
./9uninfected_GTAGAGGA-AAGGAGTA_L001_R1_001_fastqc	20	29.58805071994954	21.16297066295986	21.56342158342239	27.68555703366821
./9uninfected_GTAGAGGA-AAGGAGTA_L001_R1_001_fastqc	21	29.07818445044396	21.50076361188562	21.86118019342341	27.559871744247012
./9uninfected_GTAGAGGA-AAGGAGTA_L001_R1_001_fastqc	22	28.889883266918005	22.427299314259415	20.016056748055952	28.666760670766628
./9uninfected_GTAGAGGA-AAGGAGTA_L001_R1_001_fastqc	23	28.680370382387547	21.07658101976807	21.307642224759128	28.935406373085254
./9uninfected_GTAGAGGA-AAGGAGTA_L001_R1_001_fastqc	24	28.064880407990263	22.565299265449596	21.438975240610443	27.930845085949702
./9uninfected_GTAGAGGA-AAGGAGTA_L001_R1_001_fastqc	25	28.10238542572403	21.891345036906117	21.919064714061875	28.08720482330798
./9uninfected_GTAGAGGA-AAGGAGTA_L001_R1_001_fastqc	26	27.278616838135317	22.297298750421827	20.71877791428528	29.705306497157576
./9uninfected_GTAGAGGA-AAGGAGTA_L001_R1_001_fastqc	27	29.492025344826896	22.715623228949198	20.61597807260863	27.17637335361528
./9uninfected_GTAGAGGA-AAGGAGTA_L001_R1_001_fastqc	28	28.42226273915293	21.645898025437024	20.92073556213439	29.011103673275663
./9uninfected_GTAGAGGA-AAGGAGTA_L001_R1_001_fastqc	29	29.168926770213925	21.76959632501319	20.55724732805969	28.504229576713193
./9uninfected_GTAGAGGA-AAGGAGTA_L001_R1_001_fastqc	30	27.95998136998321	22.191478684180726	21.628225503991793	28.22031444184427
./9uninfected_GTAGAGGA-AAGGAGTA_L001_R1_001_fastqc	31	29.019313447788313	20.91522809381098	20.56325972556725	29.502198732833463
./9uninfected_GTAGAGGA-AAGGAGTA_L001_R1_001_fastqc	32	28.618043830980604	22.183580475113647	20.85909571018322	28.339279983722527
./9uninfected_GTAGAGGA-AAGGAGTA_L001_R1_001_fastqc	33	29.21398954811185	20.857476913191206	21.521246334690634	28.40728720400631
./9uninfected_GTAGAGGA-AAGGAGTA_L001_R1_001_fastqc	34	28.652028894292048	21.34762046044118	21.30816117975395	28.692189465512826
./9uninfected_GTAGAGGA-AAGGAGTA_L001_R1_001_fastqc	35	28.173470420134088	22.26061097730449	21.877480822453478	27.68843778010794
./9uninfected_GTAGAGGA-AAGGAGTA_L001_R1_001_fastqc	36	28.0641118050365	21.10142682573387	21.481786831301232	29.352674537928397
./9uninfected_GTAGAGGA-AAGGAGTA_L001_R1_001_fastqc	37	29.192381089345393	21.61133580411219	20.80120671728567	28.395076389256747
./9uninfected_GTAGAGGA-AAGGAGTA_L001_R1_001_fastqc	38	29.80452545460096	20.494561600880978	22.033877068050597	27.66703587646746
./9uninfected_GTAGAGGA-AAGGAGTA_L001_R1_001_fastqc	39	28.738966942554466	21.646532607918132	20.287777015708446	29.32672343381895
./9uninfected_GTAGAGGA-AAGGAGTA_L001_R1_001_fastqc	40	29.168668277867255	20.784104217215386	21.528098132971877	28.519129371945485
./9uninfected_GTAGAGGA-AAGGAGTA_L001_R1_001_fastqc	41	28.799398310832558	21.076695218414113	21.727082048314568	28.396824422438755
./9uninfected_GTAGAGGA-AAGGAGTA_L001_R1_001_fastqc	42	28.23573744333279	20.831702637811205	21.827320272652447	29.10523964620355
./9uninfected_GTAGAGGA-AAGGAGTA_L001_R1_001_fastqc	43	29.305369856419645	20.571450798999006	21.554496492565526	28.56868285201582
./9uninfected_GTAGAGGA-AAGGAGTA_L001_R1_001_fastqc	44	28.955712425424178	21.600684496994898	21.09629762060994	28.347305456970982
./9uninfected_GTAGAGGA-AAGGAGTA_L001_R1_001_fastqc	45	29.076094020321186	21.072010782411148	20.992483580741943	28.859411616525726
./1infected_CGAGGCTG-AAGGAGTA_L001_R2_001_fastqc	1	46.3062670912163	15.601381335422406	11.859592648259703	26.23275892510159
./1infected_CGAGGCTG-AAGGAGTA_L001_R2_001_fastqc	2	19.356558673223688	17.844497485887555	34.5401881300255	28.25875571086326
./1infected_CGAGGCTG-AAGGAGTA_L001_R2_001_fastqc	3	20.824739917162596	18.771051764862772	25.646809416719563	34.75739890125507
./1infected_CGAGGCTG-AAGGAGTA_L001_R2_001_fastqc	4	15.75214437304793	13.607809812076843	30.418254133427165	40.22179168144807
./1infected_CGAGGCTG-AAGGAGTA_L001_R2_001_fastqc	5	18.92674594402784	31.607659905374042	29.527030882224036	19.938563268374082
./1infected_CGAGGCTG-AAGGAGTA_L001_R2_001_fastqc	6	38.91808379830014	30.673055782880148	13.222875957860975	17.18598446095874
./1infected_CGAGGCTG-AAGGAGTA_L001_R2_001_fastqc	7	33.8165077971465	27.96295367881917	16.581300300969843	21.63923822306449
./1infected_CGAGGCTG-AAGGAGTA_L001_R2_001_fastqc	8	31.596458654939813	29.059863482470206	15.899901965058294	23.443775897531687
./1infected_CGAGGCTG-AAGGAGTA_L001_R2_001_fastqc	9	28.867835242222323	14.075386799163358	16.025784461511797	41.03099349710252
./1infected_CGAGGCTG-AAGGAGTA_L001_R2_001_fastqc	10	21.388435958609612	22.21731280442881	25.246054694988025	31.14819654197355
./1infected_CGAGGCTG-AAGGAGTA_L001_R2_001_fastqc	11	39.51387765706572	20.390213146572247	17.759019049070503	22.33689014729153
./1infected_CGAGGCTG-AAGGAGTA_L001_R2_001_fastqc	12	28.28644523435547	20.769710027359178	24.099222685521536	26.84462205276382
./1infected_CGAGGCTG-AAGGAGTA_L001_R2_001_fastqc	13	33.140702418372825	17.443839271959003	21.639239626309532	27.77621868335864
./1infected_CGAGGCTG-AAGGAGTA_L001_R2_001_fastqc	14	26.256927372054044	17.787448041701772	21.019623311120696	34.93600127512349
./1infected_CGAGGCTG-AAGGAGTA_L001_R2_001_fastqc	15	28.882428034290868	22.049429387877876	18.980904196119717	30.087238381711533
./1infected_CGAGGCTG-AAGGAGTA_L001_R2_001_fastqc	16	28.385384824265675	23.66470579432028	18.931693416749688	29.018215964664357
./1infected_CGAGGCTG-AAGGAGTA_L001_R2_001_fastqc	17	28.880118649461416	22.956785121690203	19.43422522567789	28.728871003170493
./1infected_CGAGGCTG-AAGGAGTA_L001_R2_001_fastqc	18	30.202479235623166	21.12278256101818	20.563994603531327	28.11074359982733
./1infected_CGAGGCTG-AAGGAGTA_L001_R2_001_fastqc	19	32.17311952293344	21.49538130550766	20.16860491000254	26.162894261556364
./1infected_CGAGGCTG-AAGGAGTA_L001_R2_001_fastqc	20	29.85132166779747	20.736784922331715	21.427929587095438	27.983963822775376
./1infected_CGAGGCTG-AAGGAGTA_L001_R2_001_fastqc	21	29.44246964934598	21.07344346467465	21.603786755624125	27.880300130355245
./1infected_CGAGGCTG-AAGGAGTA_L001_R2_001_fastqc	22	29.0652727745568	22.18096425054112	19.77691526716466	28.97684770773742
./1infected_CGAGGCTG-AAGGAGTA_L001_R2_001_fastqc	23	28.935857883650296	20.639691619517265	21.043285567634022	29.381164929198416
./1infected_CGAGGCTG-AAGGAGTA_L001_R2_001_fastqc	24	28.24468982773204	22.35851775456631	21.137776882080175	28.259015535621472
./1infected_CGAGGCTG-AAGGAGTA_L001_R2_001_fastqc	25	28.347622277528057	21.54312800970903	21.65860516303911	28.4506445497238
./1infected_CGAGGCTG-AAGGAGTA_L001_R2_001_fastqc	26	27.637860575164225	21.956142168260836	20.30353086969347	30.102466386881467
./1infected_CGAGGCTG-AAGGAGTA_L001_R2_001_fastqc	27	29.948249118435065	22.3833126628194	20.24706437794266	27.42137384080287
./1infected_CGAGGCTG-AAGGAGTA_L001_R2_001_fastqc	28	28.654811937394154	21.25554941440575	20.60339877026844	29.486239877931652
./1infected_CGAGGCTG-AAGGAGTA_L001_R2_001_fastqc	29	29.552327575884398	21.413873320209312	20.142231871659234	28.891567232247052
./1infected_CGAGGCTG-AAGGAGTA_L001_R2_001_fastqc	30	28.206465057741774	21.839800556842984	21.278799298291208	28.674935087124027
./1infected_CGAGGCTG-AAGGAGTA_L001_R2_001_fastqc	31	29.35237524378989	20.52756142330744	20.170582163234915	29.949481169667752
./1infected_CGAGGCTG-AAGGAGTA_L001_R2_001_fastqc	32	28.928254591632687	21.82247206359785	20.487073558298068	28.7621997864714
./1infected_CGAGGCTG-AAGGAGTA_L001_R2_001_fastqc	33	29.611513505051796	20.396010321361256	21.136589749381006	28.855886424205945
./1infected_CGAGGCTG-AAGGAGTA_L001_R2_001_fastqc	34	28.785151045373237	21.130966550877545	20.893128440330315	29.190753963418903
./1infected_CGAGGCTG-AAGGAGTA_L001_R2_001_fastqc	35	28.483680749257427	21.98497095414514	21.498644815571215	28.032703481026218
./1infected_CGAGGCTG-AAGGAGTA_L001_R2_001_fastqc	36	28.356140999073027	20.61578026444004	21.235801487521538	29.792277248965398
./1infected_CGAGGCTG-AAGGAGTA_L001_R2_001_fastqc	37	29.519833827414445	21.262564342326808	20.44999572362704	28.76760610663171
./1infected_CGAGGCTG-AAGGAGTA_L001_R2_001_fastqc	38	30.282200177293905	20.05181437436124	21.86178430679393	27.804201141550926
./1infected_CGAGGCTG-AAGGAGTA_L001_R2_001_fastqc	39	29.06265713808284	21.23912979865534	19.95027506143064	29.747938001831177
./1infected_CGAGGCTG-AAGGAGTA_L001_R2_001_fastqc	40	29.59786142924366	20.249642385146323	21.200119881171904	28.95237630443811
./1infected_CGAGGCTG-AAGGAGTA_L001_R2_001_fastqc	41	29.26714650614443	20.617914517442838	21.44726206563198	28.667676910780752
./1infected_CGAGGCTG-AAGGAGTA_L001_R2_001_fastqc	42	28.557826471303915	20.457949792244833	21.494227825331656	29.4899959111196
./1infected_CGAGGCTG-AAGGAGTA_L001_R2_001_fastqc	43	29.67926875559176	20.242297422362114	21.18749258923333	28.890941232812793
./1infected_CGAGGCTG-AAGGAGTA_L001_R2_001_fastqc	44	29.413490460082585	21.108326681068956	20.73564587170507	28.742536987143385
./1infected_CGAGGCTG-AAGGAGTA_L001_R2_001_fastqc	45	29.524379960842673	20.63170549992973	20.527723927360654	29.316190611866944
./14uninfected_CGAGGCTG-CTCTCTAT_L001_R2_001_fastqc	1	48.39243365534039	15.88672076152604	11.07563948413176	24.64520609900181
./14uninfected_CGAGGCTG-CTCTCTAT_L001_R2_001_fastqc	2	20.261103627103992	19.862422068815782	33.487926229641936	26.38854807443829
./14uninfected_CGAGGCTG-CTCTCTAT_L001_R2_001_fastqc	3	20.91194031289378	20.836988955350176	25.908442600824493	32.34262813093155
./14uninfected_CGAGGCTG-CTCTCTAT_L001_R2_001_fastqc	4	14.400321021634552	14.846755194241082	30.978420804674627	39.774502979449736
./14uninfected_CGAGGCTG-CTCTCTAT_L001_R2_001_fastqc	5	18.511052161653907	32.4980125962867	27.505872015347176	21.485063226712214
./14uninfected_CGAGGCTG-CTCTCTAT_L001_R2_001_fastqc	6	35.59815798838345	34.35415543560556	11.484613556254535	18.56307301975645
./14uninfected_CGAGGCTG-CTCTCTAT_L001_R2_001_fastqc	7	33.45457238139731	29.702170169625703	15.070135024698656	21.773122424278327
./14uninfected_CGAGGCTG-CTCTCTAT_L001_R2_001_fastqc	8	32.62015660190571	27.569407719750206	14.21543369447004	25.595001983874045
./14uninfected_CGAGGCTG-CTCTCTAT_L001_R2_001_fastqc	9	31.01491168746837	13.198840597070749	14.558840226503044	41.22740748895784
./14uninfected_CGAGGCTG-CTCTCTAT_L001_R2_001_fastqc	10	22.635000021004007	21.26475787281331	22.173617395108952	33.926624711073735
./14uninfected_CGAGGCTG-CTCTCTAT_L001_R2_001_fastqc	11	39.816005596630646	22.04057363309579	16.374518352794567	21.768902417479
./14uninfected_CGAGGCTG-CTCTCTAT_L001_R2_001_fastqc	12	30.57977276866813	22.71201948383608	21.157453165813603	25.550754581682195
./14uninfected_CGAGGCTG-CTCTCTAT_L001_R2_001_fastqc	13	34.70010189594331	18.700898101093813	20.332386021589656	26.266613981373215
./14uninfected_CGAGGCTG-CTCTCTAT_L001_R2_001_fastqc	14	27.33204016750466	19.148331255864765	20.422607741973017	33.09702083465756
./14uninfected_CGAGGCTG-CTCTCTAT_L001_R2_001_fastqc	15	29.343525764090234	21.56102158030154	19.415483805211977	29.67996885039625
./14uninfected_CGAGGCTG-CTCTCTAT_L001_R2_001_fastqc	16	27.92025225770441	25.030107303674498	17.516227027409588	29.5334134112115
./14uninfected_CGAGGCTG-CTCTCTAT_L001_R2_001_fastqc	17	30.62306313106568	22.905576927355458	16.991626902836444	29.479733038742417
./14uninfected_CGAGGCTG-CTCTCTAT_L001_R2_001_fastqc	18	33.40756122481193	19.624828432399806	18.368806529497345	28.598803813290925
./14uninfected_CGAGGCTG-CTCTCTAT_L001_R2_001_fastqc	19	35.71206732751889	21.123723528133088	18.3023796228881	24.861829521459917
./14uninfected_CGAGGCTG-CTCTCTAT_L001_R2_001_fastqc	20	32.12900554459503	20.247334126254636	19.20487677845679	28.41878355069354
./14uninfected_CGAGGCTG-CTCTCTAT_L001_R2_001_fastqc	21	30.89795575164656	21.06936402640657	20.917709990663425	27.114970231283447
./14uninfected_CGAGGCTG-CTCTCTAT_L001_R2_001_fastqc	22	30.477188098490643	22.65730545680157	17.485441194883368	29.380065249824423
./14uninfected_CGAGGCTG-CTCTCTAT_L001_R2_001_fastqc	23	30.47001454874908	20.33030131154199	18.995199074395764	30.204485065313165
./14uninfected_CGAGGCTG-CTCTCTAT_L001_R2_001_fastqc	24	28.43589948958181	23.369141371396815	19.973712895197323	28.221246243824044
./14uninfected_CGAGGCTG-CTCTCTAT_L001_R2_001_fastqc	25	28.013192760379013	21.965812440028806	20.956526840134256	29.064467959457925
./14uninfected_CGAGGCTG-CTCTCTAT_L001_R2_001_fastqc	26	27.593591796623805	22.518023253840443	18.525248126687757	31.36313682284799
./14uninfected_CGAGGCTG-CTCTCTAT_L001_R2_001_fastqc	27	31.498979670661107	22.97405020380191	19.247055018489394	26.27991510704758
./14uninfected_CGAGGCTG-CTCTCTAT_L001_R2_001_fastqc	28	28.749403994158968	21.27797012113834	19.7279536018577	30.24467228284499
./14uninfected_CGAGGCTG-CTCTCTAT_L001_R2_001_fastqc	29	30.858882833090252	21.161953782898944	18.351170780255313	29.627992603755494
./14uninfected_CGAGGCTG-CTCTCTAT_L001_R2_001_fastqc	30	28.719697758160418	22.19997922766117	19.633410238392756	29.446912775785663
./14uninfected_CGAGGCTG-CTCTCTAT_L001_R2_001_fastqc	31	30.20302778455019	20.206893671932985	18.21221970632726	31.377858837189564
./14uninfected_CGAGGCTG-CTCTCTAT_L001_R2_001_fastqc	32	30.29568863905278	21.895539208624296	18.28532031373494	29.523451838587984
./14uninfected_CGAGGCTG-CTCTCTAT_L001_R2_001_fastqc	33	30.09620138528788	19.827428467239177	20.779280467561602	29.29708967991134
./14uninfected_CGAGGCTG-CTCTCTAT_L001_R2_001_fastqc	34	30.254292163306562	20.663542493846016	20.272542219521302	28.809623123326116
./14uninfected_CGAGGCTG-CTCTCTAT_L001_R2_001_fastqc	35	28.78467988121069	23.08566667812422	20.250418263495604	27.879235177169488
./14uninfected_CGAGGCTG-CTCTCTAT_L001_R2_001_fastqc	36	27.765734790673335	20.708787355982217	20.53250682666874	30.992971026675708
./14uninfected_CGAGGCTG-CTCTCTAT_L001_R2_001_fastqc	37	30.150307140942743	21.666623119679244	18.808479002495645	29.374590736882368
./14uninfected_CGAGGCTG-CTCTCTAT_L001_R2_001_fastqc	38	30.259299694115292	19.406618258223848	20.999510728863132	29.334571318797725
./14uninfected_CGAGGCTG-CTCTCTAT_L001_R2_001_fastqc	39	29.726508019877983	20.975723539789637	18.768372995030504	30.529395445301873
./14uninfected_CGAGGCTG-CTCTCTAT_L001_R2_001_fastqc	40	30.511194457809115	19.850492034450088	19.810039777244842	29.82827373049595
./14uninfected_CGAGGCTG-CTCTCTAT_L001_R2_001_fastqc	41	29.302115489934867	19.97092933660565	20.256436313413996	30.47051886004549
./14uninfected_CGAGGCTG-CTCTCTAT_L001_R2_001_fastqc	42	29.691142472102445	18.96007674828022	20.33590785983042	31.012872919786915
./14uninfected_CGAGGCTG-CTCTCTAT_L001_R2_001_fastqc	43	30.32652744422397	18.952395762127633	20.126699665624184	30.59437712802421
./14uninfected_CGAGGCTG-CTCTCTAT_L001_R2_001_fastqc	44	30.095203824852113	21.69365684013369	19.377737005595012	28.833402329419183
./14uninfected_CGAGGCTG-CTCTCTAT_L001_R2_001_fastqc	45	30.400061929474848	19.8909004775131	19.829962219033927	29.879075373978125
./5uninfected_AAGAGGCA-GCGTAAGA_L001_R1_001_fastqc	1	45.63542751708297	16.153260099858358	11.89300477204701	26.318307611011665
./5uninfected_AAGAGGCA-GCGTAAGA_L001_R1_001_fastqc	2	19.248353761854993	18.589965400698016	34.51897435042261	27.642706487024384
./5uninfected_AAGAGGCA-GCGTAAGA_L001_R1_001_fastqc	3	20.606189562527867	19.907169710393998	26.17206779013113	33.314572936947
./5uninfected_AAGAGGCA-GCGTAAGA_L001_R1_001_fastqc	4	15.638190736682816	14.560071911645908	31.10638876479947	38.69534858687181
./5uninfected_AAGAGGCA-GCGTAAGA_L001_R1_001_fastqc	5	18.601162845264785	32.46376490903666	30.052439316531498	18.882632929167052
./5uninfected_AAGAGGCA-GCGTAAGA_L001_R1_001_fastqc	6	38.0194558672632	31.724460980673797	13.794385841812124	16.461697310250884
./5uninfected_AAGAGGCA-GCGTAAGA_L001_R1_001_fastqc	7	33.12773863037134	28.448874392251344	17.440402068967064	20.98298490841025
./5uninfected_AAGAGGCA-GCGTAAGA_L001_R1_001_fastqc	8	30.850718234560116	29.91350014158487	16.541570633213084	22.69421099064193
./5uninfected_AAGAGGCA-GCGTAAGA_L001_R1_001_fastqc	9	28.72394669995007	14.300478267176478	16.27813404714771	40.69744098572574
./5uninfected_AAGAGGCA-GCGTAAGA_L001_R1_001_fastqc	10	20.488977171430363	23.28658520485658	26.22735483862692	29.99708278508614
./5uninfected_AAGAGGCA-GCGTAAGA_L001_R1_001_fastqc	11	38.98385248320837	20.683673740993004	18.523908495017487	21.808565280781135
./5uninfected_AAGAGGCA-GCGTAAGA_L001_R1_001_fastqc	12	27.769737353381625	21.304348895055412	24.959889631144954	25.966024120418012
./5uninfected_AAGAGGCA-GCGTAAGA_L001_R1_001_fastqc	13	32.673405657601066	17.97669285318691	22.152233294241157	27.197668194970863
./5uninfected_AAGAGGCA-GCGTAAGA_L001_R1_001_fastqc	14	25.870869893390708	18.181394967488927	21.81751254675	34.130222592370366
./5uninfected_AAGAGGCA-GCGTAAGA_L001_R1_001_fastqc	15	28.192327307878845	23.17547662363748	19.5344471343254	29.09774893415828
./5uninfected_AAGAGGCA-GCGTAAGA_L001_R1_001_fastqc	16	27.97174032233461	24.141113242990535	19.675556315235802	28.21159011943905
./5uninfected_AAGAGGCA-GCGTAAGA_L001_R1_001_fastqc	17	28.334371836187426	23.5290379401491	20.319294463716165	27.817295759947314
./5uninfected_AAGAGGCA-GCGTAAGA_L001_R1_001_fastqc	18	29.40896306532263	21.805353030573674	21.495694248511434	27.28998965559226
./5uninfected_AAGAGGCA-GCGTAAGA_L001_R1_001_fastqc	19	31.2189190740638	22.32344997168837	20.852490584258607	25.605140369989222
./5uninfected_AAGAGGCA-GCGTAAGA_L001_R1_001_fastqc	20	29.260429898491825	21.579656375814245	21.77933968321975	27.380574042474176
./5uninfected_AAGAGGCA-GCGTAAGA_L001_R1_001_fastqc	21	28.752942469293615	21.846438833143967	22.067736682710816	27.332882014851606
./5uninfected_AAGAGGCA-GCGTAAGA_L001_R1_001_fastqc	22	28.584767007101053	22.749353728396283	20.35655870405961	28.30932056044306
./5uninfected_AAGAGGCA-GCGTAAGA_L001_R1_001_fastqc	23	28.546305522087934	21.373238567141854	21.50699858992371	28.5734573208465
./5uninfected_AAGAGGCA-GCGTAAGA_L001_R1_001_fastqc	24	27.84415359238073	22.902184148416435	21.647370182600124	27.606292076602706
./5uninfected_AAGAGGCA-GCGTAAGA_L001_R1_001_fastqc	25	27.90630876320029	22.25722203105503	22.10386247164962	27.73260673409506
./5uninfected_AAGAGGCA-GCGTAAGA_L001_R1_001_fastqc	26	27.083486329443463	22.592493297300546	20.949141367122998	29.374879006132993
./5uninfected_AAGAGGCA-GCGTAAGA_L001_R1_001_fastqc	27	29.1263171161198	23.083641543663138	20.9096803966044	26.880360943612665
./5uninfected_AAGAGGCA-GCGTAAGA_L001_R1_001_fastqc	28	28.232557935685087	21.932314413981338	21.14034240983759	28.69478524049599
./5uninfected_AAGAGGCA-GCGTAAGA_L001_R1_001_fastqc	29	28.94302109513039	22.09815418009959	20.837295197669906	28.121529527100115
./5uninfected_AAGAGGCA-GCGTAAGA_L001_R1_001_fastqc	30	27.753398170546006	22.518504645683457	21.84120623255644	27.8868909512141
./5uninfected_AAGAGGCA-GCGTAAGA_L001_R1_001_fastqc	31	28.756881618050517	21.263519644914332	20.776112788144456	29.203485948890695
./5uninfected_AAGAGGCA-GCGTAAGA_L001_R1_001_fastqc	32	28.323385125728183	22.470620379904016	21.069497702993463	28.136496791374338
./5uninfected_AAGAGGCA-GCGTAAGA_L001_R1_001_fastqc	33	29.04337675498515	21.206698607556778	21.717250432399265	28.032674205058804
./5uninfected_AAGAGGCA-GCGTAAGA_L001_R1_001_fastqc	34	28.411973601182623	21.668712137805425	21.61513543883774	28.304178822174208
./5uninfected_AAGAGGCA-GCGTAAGA_L001_R1_001_fastqc	35	27.94297823909158	22.55676363082636	22.076501108337187	27.423757021744873
./5uninfected_AAGAGGCA-GCGTAAGA_L001_R1_001_fastqc	36	27.811543832332042	21.416023150648865	21.719035734554307	29.053397282464786
./5uninfected_AAGAGGCA-GCGTAAGA_L001_R1_001_fastqc	37	28.946061733801987	21.806313031730635	21.117040148639514	28.130585085827857
./5uninfected_AAGAGGCA-GCGTAAGA_L001_R1_001_fastqc	38	29.564121128727788	20.87480754345218	22.163602309809956	27.397469018010074
./5uninfected_AAGAGGCA-GCGTAAGA_L001_R1_001_fastqc	39	28.46926188403282	21.977970585294056	20.645420877312265	28.907346653360854
./5uninfected_AAGAGGCA-GCGTAAGA_L001_R1_001_fastqc	40	28.86894953422083	21.1514197859805	21.763947853257516	28.215682826541155
./5uninfected_AAGAGGCA-GCGTAAGA_L001_R1_001_fastqc	41	28.588302261940395	21.358136999187582	21.924103134219866	28.12945760465216
./5uninfected_AAGAGGCA-GCGTAAGA_L001_R1_001_fastqc	42	27.96219742310161	21.15802540981048	22.043612421072705	28.836164746015207
./5uninfected_AAGAGGCA-GCGTAAGA_L001_R1_001_fastqc	43	28.94773144838552	20.886030585861555	21.817235781048524	28.349002184704396
./5uninfected_AAGAGGCA-GCGTAAGA_L001_R1_001_fastqc	44	28.636907474094215	21.953112368633793	21.406762562050282	28.003217595221713
./5uninfected_AAGAGGCA-GCGTAAGA_L001_R1_001_fastqc	45	28.78714362039539	21.428453840646128	21.353192223547047	28.431210315411438
./7infected_AAGAGGCA-CTCTCTAT_L001_R2_001_fastqc	1	46.18462433203078	15.616613885289867	11.77143368029762	26.427328102381736
./7infected_AAGAGGCA-CTCTCTAT_L001_R2_001_fastqc	2	18.785580373965853	17.669370912799728	36.05639788096212	27.4886508322723
./7infected_AAGAGGCA-CTCTCTAT_L001_R2_001_fastqc	3	20.848448704798063	19.065890350113822	25.653138377695438	34.432522567392674
./7infected_AAGAGGCA-CTCTCTAT_L001_R2_001_fastqc	4	15.42223598280664	13.833495347596077	30.985268363233192	39.759000306364086
./7infected_AAGAGGCA-CTCTCTAT_L001_R2_001_fastqc	5	18.682590727660365	31.964406643792902	29.911447950399605	19.44155467814713
./7infected_AAGAGGCA-CTCTCTAT_L001_R2_001_fastqc	6	38.623519156207735	30.950070895377298	13.677793089042645	16.748616859372326
./7infected_AAGAGGCA-CTCTCTAT_L001_R2_001_fastqc	7	33.43665624585774	28.044484278644237	17.09802413977905	21.420835335718976
./7infected_AAGAGGCA-CTCTCTAT_L001_R2_001_fastqc	8	30.654866157882623	30.24137546949122	16.300077476276954	22.803680896349203
./7infected_AAGAGGCA-CTCTCTAT_L001_R2_001_fastqc	9	28.676087965215906	14.491952124863051	16.25943596487232	40.57252394504872
./7infected_AAGAGGCA-CTCTCTAT_L001_R2_001_fastqc	10	20.89243173155592	22.557192282930743	25.973817802793743	30.576558182719598
./7infected_AAGAGGCA-CTCTCTAT_L001_R2_001_fastqc	11	39.080362774222266	20.558612368876044	18.342230329893773	22.018794527007916
./7infected_AAGAGGCA-CTCTCTAT_L001_R2_001_fastqc	12	28.07500301365805	20.953035522832263	24.657724942883405	26.314236520626284
./7infected_AAGAGGCA-CTCTCTAT_L001_R2_001_fastqc	13	32.744604902757004	17.697803046418986	21.93382665615492	27.623765394669093
./7infected_AAGAGGCA-CTCTCTAT_L001_R2_001_fastqc	14	25.990181331394606	17.96942213601012	21.46328186776273	34.57711466483254
./7infected_AAGAGGCA-CTCTCTAT_L001_R2_001_fastqc	15	28.380545372676558	22.643750915898714	19.416862175141407	29.55884153628332
./7infected_AAGAGGCA-CTCTCTAT_L001_R2_001_fastqc	16	28.136950028007547	23.82198957279992	19.517148478422985	28.52391192076955
./7infected_AAGAGGCA-CTCTCTAT_L001_R2_001_fastqc	17	28.352808821901764	23.305517611440116	20.229951146659495	28.111722419998625
./7infected_AAGAGGCA-CTCTCTAT_L001_R2_001_fastqc	18	29.64717421672869	21.486283592738314	21.304725230526216	27.56181696000678
./7infected_AAGAGGCA-CTCTCTAT_L001_R2_001_fastqc	19	31.39969717792173	21.854401615917883	20.6959281095432	26.04997309661719
./7infected_AAGAGGCA-CTCTCTAT_L001_R2_001_fastqc	20	29.280828155344917	21.221525547077917	21.773285760512252	27.724360537064914
./7infected_AAGAGGCA-CTCTCTAT_L001_R2_001_fastqc	21	28.954255423650583	21.49634046863452	21.82422537869438	27.725178729020516
./7infected_AAGAGGCA-CTCTCTAT_L001_R2_001_fastqc	22	28.769129584465812	22.329634571027363	20.268326303751362	28.632909540755463
./7infected_AAGAGGCA-CTCTCTAT_L001_R2_001_fastqc	23	28.544398240735084	21.067578388319234	21.42768528008096	28.960338090864724
./7infected_AAGAGGCA-CTCTCTAT_L001_R2_001_fastqc	24	28.06245035475617	22.545737501949947	21.428859598319548	27.962952544974335
./7infected_AAGAGGCA-CTCTCTAT_L001_R2_001_fastqc	25	28.050995197030463	21.926864407871914	21.9376292013375	28.08451119376012
./7infected_AAGAGGCA-CTCTCTAT_L001_R2_001_fastqc	26	27.33238301301687	22.268440976577438	20.887722561770914	29.51145344863478
./7infected_AAGAGGCA-CTCTCTAT_L001_R2_001_fastqc	27	29.2962455204946	22.674781687506208	20.78784712734449	27.241125664654703
./7infected_AAGAGGCA-CTCTCTAT_L001_R2_001_fastqc	28	28.29261362760726	21.613167792572856	20.982916245076467	29.11130233474341
./7infected_AAGAGGCA-CTCTCTAT_L001_R2_001_fastqc	29	29.02944702866415	21.829726555899985	20.74275900891119	28.398067406524675
./7infected_AAGAGGCA-CTCTCTAT_L001_R2_001_fastqc	30	27.844644685572916	22.210900119495726	21.71273693965749	28.23171825527387
./7infected_AAGAGGCA-CTCTCTAT_L001_R2_001_fastqc	31	28.952019451846255	21.052262824127375	20.624270639841534	29.371447084184837
./7infected_AAGAGGCA-CTCTCTAT_L001_R2_001_fastqc	32	28.460550501084263	22.21631062180272	20.885320606273513	28.437818270839504
./7infected_AAGAGGCA-CTCTCTAT_L001_R2_001_fastqc	33	29.176230071689314	20.90328054802718	21.569593609959256	28.350895770324254
./7infected_AAGAGGCA-CTCTCTAT_L001_R2_001_fastqc	34	28.476927138716317	21.45496667841942	21.361344500131448	28.70676168273281
./7infected_AAGAGGCA-CTCTCTAT_L001_R2_001_fastqc	35	28.229133920536313	22.275418736194084	21.854551387285113	27.64089595598449
./7infected_AAGAGGCA-CTCTCTAT_L001_R2_001_fastqc	36	28.022275368579802	21.15875896200333	21.56818155454273	29.25078411487414
./7infected_AAGAGGCA-CTCTCTAT_L001_R2_001_fastqc	37	29.108453378435446	21.622067544105896	21.006583792528346	28.262895284930313
./7infected_AAGAGGCA-CTCTCTAT_L001_R2_001_fastqc	38	29.532103514454427	20.70157933567092	22.21172235120062	27.55459479867404
./7infected_AAGAGGCA-CTCTCTAT_L001_R2_001_fastqc	39	28.662220278993324	21.744447441978384	20.408883554847606	29.18444872418069
./7infected_AAGAGGCA-CTCTCTAT_L001_R2_001_fastqc	40	29.046562708283798	20.84278505916612	21.539427013715677	28.57122521883441
./7infected_AAGAGGCA-CTCTCTAT_L001_R2_001_fastqc	41	28.821081837010055	21.154431369687014	21.84248868105897	28.18199811224396
./7infected_AAGAGGCA-CTCTCTAT_L001_R2_001_fastqc	42	28.201548306761886	20.994617155669303	21.852319363977617	28.951515173591197
./7infected_AAGAGGCA-CTCTCTAT_L001_R2_001_fastqc	43	29.18616417517127	20.71288892265833	21.486059656142313	28.614887246028086
./7infected_AAGAGGCA-CTCTCTAT_L001_R2_001_fastqc	44	28.82246764614573	21.683734139690642	21.140098605424757	28.353699608738875
./7infected_AAGAGGCA-CTCTCTAT_L001_R2_001_fastqc	45	29.04607173703549	21.215901752123887	20.98617968936861	28.75184682147202
./2infected_CGAGGCTG-CTAAGCCT_L001_R2_001_fastqc	1	45.93527213814104	15.738947230276867	11.859887501671611	26.465893129910484
./2infected_CGAGGCTG-CTAAGCCT_L001_R2_001_fastqc	2	19.16367680320019	18.178184718534066	34.645948805951186	28.012189672314562
./2infected_CGAGGCTG-CTAAGCCT_L001_R2_001_fastqc	3	20.631931991006113	19.503299197876288	25.882942432651763	33.98182637846584
./2infected_CGAGGCTG-CTAAGCCT_L001_R2_001_fastqc	4	15.667914179324526	13.9786845818981	30.761749654672325	39.591651584105044
./2infected_CGAGGCTG-CTAAGCCT_L001_R2_001_fastqc	5	18.76763496850728	31.909408694366526	29.711028432739806	19.611927904386388
./2infected_CGAGGCTG-CTAAGCCT_L001_R2_001_fastqc	6	38.38767543731431	30.90135652708877	13.6609168816062	17.050051153990726
./2infected_CGAGGCTG-CTAAGCCT_L001_R2_001_fastqc	7	33.430137444323705	27.979766251715265	17.280712365835637	21.309383938125393
./2infected_CGAGGCTG-CTAAGCCT_L001_R2_001_fastqc	8	31.229815488682345	29.280315826235338	16.358474532532455	23.131394152549863
./2infected_CGAGGCTG-CTAAGCCT_L001_R2_001_fastqc	9	28.965105518835234	14.021173815744714	16.278528163133604	40.73519250228645
./2infected_CGAGGCTG-CTAAGCCT_L001_R2_001_fastqc	10	21.162778900689602	22.689423807864063	25.627152556546495	30.520644734899843
./2infected_CGAGGCTG-CTAAGCCT_L001_R2_001_fastqc	11	39.04417023939727	20.390424566165212	18.337665337345356	22.22773985709216
./2infected_CGAGGCTG-CTAAGCCT_L001_R2_001_fastqc	12	28.03133541343485	21.048861853605302	24.486139843919158	26.433662889040693
./2infected_CGAGGCTG-CTAAGCCT_L001_R2_001_fastqc	13	32.77911114183333	17.84630391327996	21.755642035956114	27.618942908930595
./2infected_CGAGGCTG-CTAAGCCT_L001_R2_001_fastqc	14	26.203749393829266	17.858348039475853	21.466893185057057	34.47100938163782
./2infected_CGAGGCTG-CTAAGCCT_L001_R2_001_fastqc	15	28.488180662037482	22.51491854885718	19.318944303114833	29.677956485990503
./2infected_CGAGGCTG-CTAAGCCT_L001_R2_001_fastqc	16	28.25914019008388	23.526489529766916	19.47499390383977	28.739376376309426
./2infected_CGAGGCTG-CTAAGCCT_L001_R2_001_fastqc	17	28.60237715126165	22.903534566122634	20.099501531551837	28.394586751063883
./2infected_CGAGGCTG-CTAAGCCT_L001_R2_001_fastqc	18	29.8979336236942	21.346198181602976	21.024365768066584	27.73150242663624
./2infected_CGAGGCTG-CTAAGCCT_L001_R2_001_fastqc	19	31.648517514392015	21.69038411309793	20.48524764738966	26.17585072512039
./2infected_CGAGGCTG-CTAAGCCT_L001_R2_001_fastqc	20	29.596696829874286	21.080483480384014	21.50595344780405	27.816866241937653
./2infected_CGAGGCTG-CTAAGCCT_L001_R2_001_fastqc	21	29.214664955090868	21.391574686950975	21.823811797149915	27.569948560808243
./2infected_CGAGGCTG-CTAAGCCT_L001_R2_001_fastqc	22	28.81317778479888	22.35597867539975	20.182709572172623	28.64813396762875
./2infected_CGAGGCTG-CTAAGCCT_L001_R2_001_fastqc	23	28.687685549699665	21.018446827304608	21.303330690134533	28.990536932861193
./2infected_CGAGGCTG-CTAAGCCT_L001_R2_001_fastqc	24	28.132126352468628	22.480011681532027	21.330131643637667	28.057730322361678
./2infected_CGAGGCTG-CTAAGCCT_L001_R2_001_fastqc	25	28.1679344120291	21.684511348947886	21.788224638904193	28.35932960011882
./2infected_CGAGGCTG-CTAAGCCT_L001_R2_001_fastqc	26	27.53121587914034	22.12400435915896	20.676272191869483	29.668507569831213
./2infected_CGAGGCTG-CTAAGCCT_L001_R2_001_fastqc	27	29.610742811227826	22.435229226602097	20.598642129467386	27.355385832702687
./2infected_CGAGGCTG-CTAAGCCT_L001_R2_001_fastqc	28	28.422485099420637	21.596954051725696	20.93611639517639	29.044444453677276
./2infected_CGAGGCTG-CTAAGCCT_L001_R2_001_fastqc	29	29.256175006940953	21.636567046901728	20.502104305717257	28.60515364044006
./2infected_CGAGGCTG-CTAAGCCT_L001_R2_001_fastqc	30	28.093461317240564	21.975364872286583	21.376799043366603	28.55437476710625
./2infected_CGAGGCTG-CTAAGCCT_L001_R2_001_fastqc	31	29.057232554580747	20.773309516520005	20.550567112414658	29.618890816484587
./2infected_CGAGGCTG-CTAAGCCT_L001_R2_001_fastqc	32	28.71497024387979	22.000482422183193	20.799802792792295	28.484744541144725
./2infected_CGAGGCTG-CTAAGCCT_L001_R2_001_fastqc	33	29.279856541762832	20.73292440200325	21.398754173545633	28.588464882688285
./2infected_CGAGGCTG-CTAAGCCT_L001_R2_001_fastqc	34	28.692067006045274	21.454732353375704	21.133159730627668	28.720040909951354
./2infected_CGAGGCTG-CTAAGCCT_L001_R2_001_fastqc	35	28.29545126380792	22.15786312468174	21.65601625173401	27.89066935977634
./2infected_CGAGGCTG-CTAAGCCT_L001_R2_001_fastqc	36	28.24958146744711	20.97583988509804	21.47467210708783	29.299906540367022
./2infected_CGAGGCTG-CTAAGCCT_L001_R2_001_fastqc	37	29.20322070993563	21.536833117449024	20.72800966441503	28.53193650820031
./2infected_CGAGGCTG-CTAAGCCT_L001_R2_001_fastqc	38	29.822923470107003	20.460113499435018	21.934476915579562	27.782486114878413
./2infected_CGAGGCTG-CTAAGCCT_L001_R2_001_fastqc	39	28.83246865533604	21.46338251063934	20.306433378800428	29.397715455224194
./2infected_CGAGGCTG-CTAAGCCT_L001_R2_001_fastqc	40	29.268267981500696	20.623797933598777	21.421332245855794	28.68660183904474
./2infected_CGAGGCTG-CTAAGCCT_L001_R2_001_fastqc	41	28.86844629442479	20.915340283226726	21.63746636153419	28.578747060814297
./2infected_CGAGGCTG-CTAAGCCT_L001_R2_001_fastqc	42	28.45366659487738	20.763091880538408	21.693240040846668	29.09000148373754
./2infected_CGAGGCTG-CTAAGCCT_L001_R2_001_fastqc	43	29.433069534005064	20.573475987801288	21.364577983128704	28.628876495064947
./2infected_CGAGGCTG-CTAAGCCT_L001_R2_001_fastqc	44	29.159001191906132	21.333115146981587	21.044078819005957	28.46380484210632
./2infected_CGAGGCTG-CTAAGCCT_L001_R2_001_fastqc	45	29.20418850288438	20.953877763783648	20.8398808012444	29.00205293208757
./2infected_CGAGGCTG-CTAAGCCT_L001_R1_001_fastqc	1	45.260866210969816	16.055583504340575	12.04930583256403	26.63424445212558
./2infected_CGAGGCTG-CTAAGCCT_L001_R1_001_fastqc	2	19.293195445910847	18.377308794787734	34.31811593540815	28.011379823893268
./2infected_CGAGGCTG-CTAAGCCT_L001_R1_001_fastqc	3	20.617894618370354	19.872802922763718	25.98376336976682	33.52553908909911
./2infected_CGAGGCTG-CTAAGCCT_L001_R1_001_fastqc	4	15.896587340283356	14.42068012316341	30.67545926711625	39.007273269436986
./2infected_CGAGGCTG-CTAAGCCT_L001_R1_001_fastqc	5	18.906887366281566	32.000314179656776	29.73671516343572	19.356083290625943
./2infected_CGAGGCTG-CTAAGCCT_L001_R1_001_fastqc	6	38.28313899739935	31.21016168727558	13.637338663658738	16.869360651666334
./2infected_CGAGGCTG-CTAAGCCT_L001_R1_001_fastqc	7	33.376656762981874	28.10635531663412	17.275634609682132	21.24135331070188
./2infected_CGAGGCTG-CTAAGCCT_L001_R1_001_fastqc	8	31.018674066327833	29.50536327308338	16.40789760027377	23.068065060315018
./2infected_CGAGGCTG-CTAAGCCT_L001_R1_001_fastqc	9	28.768764603228263	14.07552895561117	16.259202162253754	40.89650427890682
./2infected_CGAGGCTG-CTAAGCCT_L001_R1_001_fastqc	10	20.92701791384708	22.951467652992825	25.731890128072337	30.389624305087757
./2infected_CGAGGCTG-CTAAGCCT_L001_R1_001_fastqc	11	39.04002540847508	20.4786629859402	18.341410706113066	22.139900899471645
./2infected_CGAGGCTG-CTAAGCCT_L001_R1_001_fastqc	12	27.927929097147757	21.084538623124786	24.56338268286585	26.424149596861607
./2infected_CGAGGCTG-CTAAGCCT_L001_R1_001_fastqc	13	32.73584862562493	17.897930442742055	21.841918211123744	27.524302720509265
./2infected_CGAGGCTG-CTAAGCCT_L001_R1_001_fastqc	14	26.1151820414659	17.873915322249072	21.54617298860647	34.46472964767856
./2infected_CGAGGCTG-CTAAGCCT_L001_R1_001_fastqc	15	28.417913348710762	22.704199126360443	19.289301943885395	29.588585581043404
./2infected_CGAGGCTG-CTAAGCCT_L001_R1_001_fastqc	16	28.188456296010813	23.618211705175305	19.48662981787132	28.70670218094256
./2infected_CGAGGCTG-CTAAGCCT_L001_R1_001_fastqc	17	28.533415384129796	22.941142085621326	20.12364308858745	28.401799441661428
./2infected_CGAGGCTG-CTAAGCCT_L001_R1_001_fastqc	18	29.7063769956534	21.467742283805773	21.11687545528017	27.70900526526066
./2infected_CGAGGCTG-CTAAGCCT_L001_R1_001_fastqc	19	31.523853358462166	21.848433337846334	20.575766926454968	26.05194637723653
./2infected_CGAGGCTG-CTAAGCCT_L001_R1_001_fastqc	20	29.554758835446275	21.176108599427376	21.522708149733084	27.746424415393268
./2infected_CGAGGCTG-CTAAGCCT_L001_R1_001_fastqc	21	29.110915178552887	21.499772827135153	21.913361377622767	27.475950616689186
./2infected_CGAGGCTG-CTAAGCCT_L001_R1_001_fastqc	22	28.761699194886077	22.436808981260523	20.181531676701866	28.619960147151534
./2infected_CGAGGCTG-CTAAGCCT_L001_R1_001_fastqc	23	28.671587984009022	21.090150457377472	21.338145771054606	28.9001157875589
./2infected_CGAGGCTG-CTAAGCCT_L001_R1_001_fastqc	24	28.021601564544092	22.575827768913285	21.408337825569447	27.994232840973183
./2infected_CGAGGCTG-CTAAGCCT_L001_R1_001_fastqc	25	28.164430792845756	21.77559889329022	21.83808181379467	28.22188850006936
./2infected_CGAGGCTG-CTAAGCCT_L001_R1_001_fastqc	26	27.376058928724202	22.236433793022677	20.711676103823397	29.675831174429725
./2infected_CGAGGCTG-CTAAGCCT_L001_R1_001_fastqc	27	29.53866050240504	22.562060345751288	20.605435411888905	27.293843739954767
./2infected_CGAGGCTG-CTAAGCCT_L001_R1_001_fastqc	28	28.44344953066169	21.65987882175776	20.979289476372777	28.917382171207773
./2infected_CGAGGCTG-CTAAGCCT_L001_R1_001_fastqc	29	29.185369319951594	21.7274544429115	20.53707070765801	28.5501055294789
./2infected_CGAGGCTG-CTAAGCCT_L001_R1_001_fastqc	30	28.00555514486319	22.035165694986997	21.528854691597264	28.430424468552545
./2infected_CGAGGCTG-CTAAGCCT_L001_R1_001_fastqc	31	28.990543669934027	20.852288631638576	20.616700611082546	29.54046708734485
./2infected_CGAGGCTG-CTAAGCCT_L001_R1_001_fastqc	32	28.583373142389686	22.06503773649357	20.94766561804715	28.4039235030696
./2infected_CGAGGCTG-CTAAGCCT_L001_R1_001_fastqc	33	29.17618113026065	20.87249824506102	21.459251619885773	28.492069004792558
./2infected_CGAGGCTG-CTAAGCCT_L001_R1_001_fastqc	34	28.621818645451686	21.480949042676105	21.259491838804447	28.637740473067762
./2infected_CGAGGCTG-CTAAGCCT_L001_R1_001_fastqc	35	28.178610775317107	22.236572851654707	21.78210625847683	27.80271011455135
./2infected_CGAGGCTG-CTAAGCCT_L001_R1_001_fastqc	36	28.12771980120925	21.068878987525455	21.509586393202976	29.29381481806232
./2infected_CGAGGCTG-CTAAGCCT_L001_R1_001_fastqc	37	29.121850909191526	21.58026125463546	20.787177764569726	28.51071007160329
./2infected_CGAGGCTG-CTAAGCCT_L001_R1_001_fastqc	38	29.820041151190914	20.46633205669881	21.911482889196936	27.80214390291334
./2infected_CGAGGCTG-CTAAGCCT_L001_R1_001_fastqc	39	28.70797482824461	21.569886299334577	20.43783218068345	29.284306691737367
./2infected_CGAGGCTG-CTAAGCCT_L001_R1_001_fastqc	40	29.200568289391722	20.750069525483962	21.530935323207974	28.51842686191634
./2infected_CGAGGCTG-CTAAGCCT_L001_R1_001_fastqc	41	28.75843106249362	20.995377370269033	21.680104885856686	28.56608668138066
./2infected_CGAGGCTG-CTAAGCCT_L001_R1_001_fastqc	42	28.265673695545672	20.843381381054314	21.801587853269787	29.089357070130227
./2infected_CGAGGCTG-CTAAGCCT_L001_R1_001_fastqc	43	29.338191870118585	20.63962035967237	21.491580898873604	28.530606871335433
./2infected_CGAGGCTG-CTAAGCCT_L001_R1_001_fastqc	44	29.050572596607267	21.447201280515777	21.17541925102203	28.326806871854927
./2infected_CGAGGCTG-CTAAGCCT_L001_R1_001_fastqc	45	29.059082207828656	21.05062769764733	21.00694723842834	28.883342856095677
./10uninfected_GTAGAGGA-CTAAGCCT_L001_R2_001_fastqc	1	46.29742211144858	16.05232414468452	11.827647647196164	25.822606096670736
./10uninfected_GTAGAGGA-CTAAGCCT_L001_R2_001_fastqc	2	18.782147679927004	18.70249707460672	35.41270871035581	27.102646535110463
./10uninfected_GTAGAGGA-CTAAGCCT_L001_R2_001_fastqc	3	20.450233318678755	20.222638365035206	25.932260368893967	33.39486794739208
./10uninfected_GTAGAGGA-CTAAGCCT_L001_R2_001_fastqc	4	14.892012306795671	14.736139133101425	31.748370836168778	38.62347772393413
./10uninfected_GTAGAGGA-CTAAGCCT_L001_R2_001_fastqc	5	18.521144861355932	32.308709459470094	29.495936012138397	19.674209667035583
./10uninfected_GTAGAGGA-CTAAGCCT_L001_R2_001_fastqc	6	36.73967615699433	32.66229585749153	13.55229186119597	17.04573612431817
./10uninfected_GTAGAGGA-CTAAGCCT_L001_R2_001_fastqc	7	32.645965361685704	28.767828729944846	17.258991151955662	21.327214756413785
./10uninfected_GTAGAGGA-CTAAGCCT_L001_R2_001_fastqc	8	30.827370498188618	29.39452088371243	16.318565848536277	23.45954276956267
./10uninfected_GTAGAGGA-CTAAGCCT_L001_R2_001_fastqc	9	29.14503987747996	14.29128782528171	16.166930023962063	40.39674227327627
./10uninfected_GTAGAGGA-CTAAGCCT_L001_R2_001_fastqc	10	21.163425606458684	22.360761904780073	25.27618302007723	31.199629468684016
./10uninfected_GTAGAGGA-CTAAGCCT_L001_R2_001_fastqc	11	38.68186136392684	21.277644136762767	18.225071393552547	21.81542310575784
./10uninfected_GTAGAGGA-CTAAGCCT_L001_R2_001_fastqc	12	28.716828251356162	21.71159428398543	23.929244160087062	25.64233330457134
./10uninfected_GTAGAGGA-CTAAGCCT_L001_R2_001_fastqc	13	32.840913464962114	18.175769739130004	21.749236856204814	27.234079939703065
./10uninfected_GTAGAGGA-CTAAGCCT_L001_R2_001_fastqc	14	26.373290523080623	18.587962764237414	21.39137136844957	33.647375344232394
./10uninfected_GTAGAGGA-CTAAGCCT_L001_R2_001_fastqc	15	28.229887123225783	22.729629371008276	19.875715162240805	29.164768343525132
./10uninfected_GTAGAGGA-CTAAGCCT_L001_R2_001_fastqc	16	27.81745658934433	24.475340420326646	19.332488591454116	28.374714398874907
./10uninfected_GTAGAGGA-CTAAGCCT_L001_R2_001_fastqc	17	28.75526503213537	23.53128092553527	19.697907304145193	28.015546738184167
./10uninfected_GTAGAGGA-CTAAGCCT_L001_R2_001_fastqc	18	30.503848274572576	21.058871732448566	20.957890298417762	27.47938969456109
./10uninfected_GTAGAGGA-CTAAGCCT_L001_R2_001_fastqc	19	32.24979398845038	22.10978054499237	20.213930521018902	25.426494945538348
./10uninfected_GTAGAGGA-CTAAGCCT_L001_R2_001_fastqc	20	29.965395052088674	21.25409189795857	21.11658313940094	27.663929910551815
./10uninfected_GTAGAGGA-CTAAGCCT_L001_R2_001_fastqc	21	29.346372161271532	21.689950151717763	21.62429529291005	27.33938239410066
./10uninfected_GTAGAGGA-CTAAGCCT_L001_R2_001_fastqc	22	29.136559175381894	22.692911268911324	19.76693011824649	28.403599437460294
./10uninfected_GTAGAGGA-CTAAGCCT_L001_R2_001_fastqc	23	28.88217299903552	21.1732046359925	20.938893547078337	29.00572881789364
./10uninfected_GTAGAGGA-CTAAGCCT_L001_R2_001_fastqc	24	27.90429731269103	23.144176630848058	21.259294228782828	27.69223182767809
./10uninfected_GTAGAGGA-CTAAGCCT_L001_R2_001_fastqc	25	27.67607228208061	22.3427360234878	21.903169682394562	28.078022012037028
./10uninfected_GTAGAGGA-CTAAGCCT_L001_R2_001_fastqc	26	27.000134911846462	22.744582106262065	20.475525140068836	29.779757841822637
./10uninfected_GTAGAGGA-CTAAGCCT_L001_R2_001_fastqc	27	29.602190622317544	23.029474680003627	20.59424794228511	26.77408675539372
./10uninfected_GTAGAGGA-CTAAGCCT_L001_R2_001_fastqc	28	28.107898008244657	21.79670514195722	20.909507999708286	29.185888850089842
./10uninfected_GTAGAGGA-CTAAGCCT_L001_R2_001_fastqc	29	29.376724672665443	21.85794241945327	20.350907317035944	28.414425590845337
./10uninfected_GTAGAGGA-CTAAGCCT_L001_R2_001_fastqc	30	27.89868951326816	22.5253891272877	21.359072105317058	28.216849254127084
./10uninfected_GTAGAGGA-CTAAGCCT_L001_R2_001_fastqc	31	29.176918652756406	21.029165827043794	20.16354326958306	29.630372250616745
./10uninfected_GTAGAGGA-CTAAGCCT_L001_R2_001_fastqc	32	28.67979698658733	22.3097567343227	20.328722137161847	28.68172414192812
./10uninfected_GTAGAGGA-CTAAGCCT_L001_R2_001_fastqc	33	29.195264204757148	20.853982318194078	21.661686357801965	28.28906711924681
./10uninfected_GTAGAGGA-CTAAGCCT_L001_R2_001_fastqc	34	28.833865506034478	21.327274832551307	21.457082128734697	28.381777532679514
./10uninfected_GTAGAGGA-CTAAGCCT_L001_R2_001_fastqc	35	28.39743026801663	22.562097793664794	21.550000007155266	27.490471931163306
./10uninfected_GTAGAGGA-CTAAGCCT_L001_R2_001_fastqc	36	27.725892328948014	21.224016978767146	21.46268967241219	29.58740101987265
./10uninfected_GTAGAGGA-CTAAGCCT_L001_R2_001_fastqc	37	29.230717422042368	21.76044204614721	20.68142770923051	28.327412822579912
./10uninfected_GTAGAGGA-CTAAGCCT_L001_R2_001_fastqc	38	29.4202617714679	20.586808078940365	22.13235275176038	27.86057739783136
./10uninfected_GTAGAGGA-CTAAGCCT_L001_R2_001_fastqc	39	28.76881038978284	21.83108923662554	20.16899146671841	29.231108906873203
./10uninfected_GTAGAGGA-CTAAGCCT_L001_R2_001_fastqc	40	29.244252056246644	20.859671054912948	21.21086558519217	28.685211303648234
./10uninfected_GTAGAGGA-CTAAGCCT_L001_R2_001_fastqc	41	28.623500460882873	21.094237702208453	21.636729834090275	28.645532002818396
./10uninfected_GTAGAGGA-CTAAGCCT_L001_R2_001_fastqc	42	28.445773732888735	20.727125145897364	21.625067365221977	29.202033755991923
./10uninfected_GTAGAGGA-CTAAGCCT_L001_R2_001_fastqc	43	29.20486403086413	20.494109962625465	21.28225728299802	29.018768723512384
./10uninfected_GTAGAGGA-CTAAGCCT_L001_R2_001_fastqc	44	28.83553811978945	21.945136479141773	20.846323590644324	28.37300181042445
./10uninfected_GTAGAGGA-CTAAGCCT_L001_R2_001_fastqc	45	29.182677416083735	21.127907512505484	20.96301360676407	28.726401464646713
