File	Position	Illumina Universal Adapter	Illumina Small RNA Adapter	Nextera Transposase Sequence
./1infected_CGAGGCTG-AAGGAGTA_L001_R1_001_fastqc	1	0.0	0.0	0.0
./1infected_CGAGGCTG-AAGGAGTA_L001_R1_001_fastqc	2	0.0	0.0	0.0
./1infected_CGAGGCTG-AAGGAGTA_L001_R1_001_fastqc	3	0.0	0.0	9.621739589349927E-6
./1infected_CGAGGCTG-AAGGAGTA_L001_R1_001_fastqc	4	0.0	0.0	1.4432609384024892E-5
./1infected_CGAGGCTG-AAGGAGTA_L001_R1_001_fastqc	5	0.0	0.0	1.4432609384024892E-5
./1infected_CGAGGCTG-AAGGAGTA_L001_R1_001_fastqc	6	0.0	0.0	1.4432609384024892E-5
./1infected_CGAGGCTG-AAGGAGTA_L001_R1_001_fastqc	7	4.810869794674964E-6	0.0	1.4432609384024892E-5
./1infected_CGAGGCTG-AAGGAGTA_L001_R1_001_fastqc	8	4.810869794674964E-6	0.0	1.9243479178699854E-5
./1infected_CGAGGCTG-AAGGAGTA_L001_R1_001_fastqc	9	1.4432609384024892E-5	0.0	2.405434897337482E-5
./1infected_CGAGGCTG-AAGGAGTA_L001_R1_001_fastqc	10	1.4432609384024892E-5	0.0	3.848695835739971E-5
./1infected_CGAGGCTG-AAGGAGTA_L001_R1_001_fastqc	11	1.4432609384024892E-5	0.0	4.3297828152074676E-5
./1infected_CGAGGCTG-AAGGAGTA_L001_R1_001_fastqc	12	1.4432609384024892E-5	0.0	4.810869794674964E-5
./1infected_CGAGGCTG-AAGGAGTA_L001_R1_001_fastqc	13	1.4432609384024892E-5	0.0	5.7730437536099566E-5
./1infected_CGAGGCTG-AAGGAGTA_L001_R1_001_fastqc	14	1.4432609384024892E-5	0.0	6.254130733077453E-5
./1infected_CGAGGCTG-AAGGAGTA_L001_R1_001_fastqc	15	1.4432609384024892E-5	0.0	9.140652609882431E-5
./1infected_CGAGGCTG-AAGGAGTA_L001_R1_001_fastqc	16	1.9243479178699854E-5	0.0	1.1065000527752416E-4
./1infected_CGAGGCTG-AAGGAGTA_L001_R1_001_fastqc	17	1.9243479178699854E-5	0.0	1.29893484456224E-4
./1infected_CGAGGCTG-AAGGAGTA_L001_R1_001_fastqc	18	1.9243479178699854E-5	0.0	1.4913696363492388E-4
./1infected_CGAGGCTG-AAGGAGTA_L001_R1_001_fastqc	19	1.9243479178699854E-5	0.0	1.587587032242738E-4
./1infected_CGAGGCTG-AAGGAGTA_L001_R1_001_fastqc	20	1.9243479178699854E-5	0.0	2.1648914076037338E-4
./1infected_CGAGGCTG-AAGGAGTA_L001_R1_001_fastqc	21	1.9243479178699854E-5	4.810869794674964E-6	2.549760991177731E-4
./1infected_CGAGGCTG-AAGGAGTA_L001_R1_001_fastqc	22	1.9243479178699854E-5	4.810869794674964E-6	3.175174064485476E-4
./1infected_CGAGGCTG-AAGGAGTA_L001_R1_001_fastqc	23	1.9243479178699854E-5	4.810869794674964E-6	3.560043648059473E-4
./1infected_CGAGGCTG-AAGGAGTA_L001_R1_001_fastqc	24	1.9243479178699854E-5	4.810869794674964E-6	3.94491323163347E-4
./1infected_CGAGGCTG-AAGGAGTA_L001_R1_001_fastqc	25	1.9243479178699854E-5	4.810869794674964E-6	4.5222176069944657E-4
./1infected_CGAGGCTG-AAGGAGTA_L001_R1_001_fastqc	26	1.9243479178699854E-5	4.810869794674964E-6	5.628717659769707E-4
./1infected_CGAGGCTG-AAGGAGTA_L001_R1_001_fastqc	27	1.9243479178699854E-5	4.810869794674964E-6	6.927652504331948E-4
./1infected_CGAGGCTG-AAGGAGTA_L001_R1_001_fastqc	28	1.9243479178699854E-5	4.810869794674964E-6	9.766065683190176E-4
./1infected_CGAGGCTG-AAGGAGTA_L001_R1_001_fastqc	29	1.9243479178699854E-5	4.810869794674964E-6	0.0015202348551172885
./1infected_CGAGGCTG-AAGGAGTA_L001_R1_001_fastqc	30	1.9243479178699854E-5	4.810869794674964E-6	0.002131215319041009
./1infected_CGAGGCTG-AAGGAGTA_L001_R1_001_fastqc	31	1.9243479178699854E-5	4.810869794674964E-6	0.0032232827624322255
./1infected_CGAGGCTG-AAGGAGTA_L001_R1_001_fastqc	32	1.9243479178699854E-5	4.810869794674964E-6	0.004353837164180842
./1infected_CGAGGCTG-AAGGAGTA_L001_R1_001_fastqc	33	1.9243479178699854E-5	4.810869794674964E-6	0.005426661128393359
./9uninfected_GTAGAGGA-AAGGAGTA_L001_R2_001_fastqc	1	0.0	0.0	0.0
./9uninfected_GTAGAGGA-AAGGAGTA_L001_R2_001_fastqc	2	0.0	0.0	0.0
./9uninfected_GTAGAGGA-AAGGAGTA_L001_R2_001_fastqc	3	0.0	0.0	0.0
./9uninfected_GTAGAGGA-AAGGAGTA_L001_R2_001_fastqc	4	0.0	0.0	0.0
./9uninfected_GTAGAGGA-AAGGAGTA_L001_R2_001_fastqc	5	0.0	0.0	0.0
./9uninfected_GTAGAGGA-AAGGAGTA_L001_R2_001_fastqc	6	9.350540447212038E-6	0.0	0.0
./9uninfected_GTAGAGGA-AAGGAGTA_L001_R2_001_fastqc	7	9.350540447212038E-6	0.0	4.675270223606019E-6
./9uninfected_GTAGAGGA-AAGGAGTA_L001_R2_001_fastqc	8	9.350540447212038E-6	0.0	4.675270223606019E-6
./9uninfected_GTAGAGGA-AAGGAGTA_L001_R2_001_fastqc	9	9.350540447212038E-6	0.0	1.4025810670818057E-5
./9uninfected_GTAGAGGA-AAGGAGTA_L001_R2_001_fastqc	10	1.4025810670818057E-5	0.0	2.8051621341636114E-5
./9uninfected_GTAGAGGA-AAGGAGTA_L001_R2_001_fastqc	11	1.4025810670818057E-5	0.0	3.272689156524214E-5
./9uninfected_GTAGAGGA-AAGGAGTA_L001_R2_001_fastqc	12	1.4025810670818057E-5	0.0	3.272689156524214E-5
./9uninfected_GTAGAGGA-AAGGAGTA_L001_R2_001_fastqc	13	1.4025810670818057E-5	0.0	3.740216178884815E-5
./9uninfected_GTAGAGGA-AAGGAGTA_L001_R2_001_fastqc	14	1.4025810670818057E-5	0.0	4.2077432012454175E-5
./9uninfected_GTAGAGGA-AAGGAGTA_L001_R2_001_fastqc	15	1.4025810670818057E-5	0.0	6.545378313048427E-5
./9uninfected_GTAGAGGA-AAGGAGTA_L001_R2_001_fastqc	16	1.4025810670818057E-5	0.0	7.48043235776963E-5
./9uninfected_GTAGAGGA-AAGGAGTA_L001_R2_001_fastqc	17	1.4025810670818057E-5	0.0	8.415486402490835E-5
./9uninfected_GTAGAGGA-AAGGAGTA_L001_R2_001_fastqc	18	1.4025810670818057E-5	0.0	1.1688175559015047E-4
./9uninfected_GTAGAGGA-AAGGAGTA_L001_R2_001_fastqc	19	1.4025810670818057E-5	0.0	1.215570258137565E-4
./9uninfected_GTAGAGGA-AAGGAGTA_L001_R2_001_fastqc	20	1.4025810670818057E-5	0.0	1.683097280498167E-4
./9uninfected_GTAGAGGA-AAGGAGTA_L001_R2_001_fastqc	21	1.4025810670818057E-5	0.0	2.010366196150588E-4
./9uninfected_GTAGAGGA-AAGGAGTA_L001_R2_001_fastqc	22	1.4025810670818057E-5	0.0	2.1506243028587688E-4
./9uninfected_GTAGAGGA-AAGGAGTA_L001_R2_001_fastqc	23	1.4025810670818057E-5	0.0	2.43114051627513E-4
./9uninfected_GTAGAGGA-AAGGAGTA_L001_R2_001_fastqc	24	1.4025810670818057E-5	0.0	3.0856783475799725E-4
./9uninfected_GTAGAGGA-AAGGAGTA_L001_R2_001_fastqc	25	1.4025810670818057E-5	0.0	3.4596999654684543E-4
./9uninfected_GTAGAGGA-AAGGAGTA_L001_R2_001_fastqc	26	1.8701080894424076E-5	0.0	4.3012486057175377E-4
./9uninfected_GTAGAGGA-AAGGAGTA_L001_R2_001_fastqc	27	2.3376351118030095E-5	0.0	5.984345886215704E-4
./9uninfected_GTAGAGGA-AAGGAGTA_L001_R2_001_fastqc	28	2.3376351118030095E-5	0.0	7.667443166713871E-4
./9uninfected_GTAGAGGA-AAGGAGTA_L001_R2_001_fastqc	29	2.3376351118030095E-5	0.0	0.0011267401238890507
./9uninfected_GTAGAGGA-AAGGAGTA_L001_R2_001_fastqc	30	2.8051621341636114E-5	0.0	0.001477385390659502
./9uninfected_GTAGAGGA-AAGGAGTA_L001_R2_001_fastqc	31	2.8051621341636114E-5	0.0	0.002183351194424011
./9uninfected_GTAGAGGA-AAGGAGTA_L001_R2_001_fastqc	32	2.8051621341636114E-5	0.0	0.002954770781319004
./9uninfected_GTAGAGGA-AAGGAGTA_L001_R2_001_fastqc	33	2.8051621341636114E-5	0.0	0.003604633342400241
./14uninfected_CGAGGCTG-CTCTCTAT_L001_R1_001_fastqc	1	0.0	0.0	5.384823445908991E-6
./14uninfected_CGAGGCTG-CTCTCTAT_L001_R1_001_fastqc	2	0.0	0.0	5.384823445908991E-6
./14uninfected_CGAGGCTG-CTCTCTAT_L001_R1_001_fastqc	3	0.0	0.0	5.384823445908991E-6
./14uninfected_CGAGGCTG-CTCTCTAT_L001_R1_001_fastqc	4	0.0	0.0	5.384823445908991E-6
./14uninfected_CGAGGCTG-CTCTCTAT_L001_R1_001_fastqc	5	0.0	0.0	5.384823445908991E-6
./14uninfected_CGAGGCTG-CTCTCTAT_L001_R1_001_fastqc	6	0.0	0.0	5.384823445908991E-6
./14uninfected_CGAGGCTG-CTCTCTAT_L001_R1_001_fastqc	7	0.0	0.0	5.384823445908991E-6
./14uninfected_CGAGGCTG-CTCTCTAT_L001_R1_001_fastqc	8	0.0	0.0	5.384823445908991E-6
./14uninfected_CGAGGCTG-CTCTCTAT_L001_R1_001_fastqc	9	0.0	0.0	2.1539293783635963E-5
./14uninfected_CGAGGCTG-CTCTCTAT_L001_R1_001_fastqc	10	0.0	0.0	3.230894067545394E-5
./14uninfected_CGAGGCTG-CTCTCTAT_L001_R1_001_fastqc	11	0.0	0.0	3.769376412136294E-5
./14uninfected_CGAGGCTG-CTCTCTAT_L001_R1_001_fastqc	12	0.0	0.0	4.8463411013180914E-5
./14uninfected_CGAGGCTG-CTCTCTAT_L001_R1_001_fastqc	13	0.0	0.0	5.92330579049989E-5
./14uninfected_CGAGGCTG-CTCTCTAT_L001_R1_001_fastqc	14	0.0	0.0	7.000270479681688E-5
./14uninfected_CGAGGCTG-CTCTCTAT_L001_R1_001_fastqc	15	0.0	0.0	1.0231164547227082E-4
./14uninfected_CGAGGCTG-CTCTCTAT_L001_R1_001_fastqc	16	5.384823445908991E-6	0.0	1.723143502690877E-4
./14uninfected_CGAGGCTG-CTCTCTAT_L001_R1_001_fastqc	17	5.384823445908991E-6	0.0	2.1539293783635964E-4
./14uninfected_CGAGGCTG-CTCTCTAT_L001_R1_001_fastqc	18	5.384823445908991E-6	0.0	2.5308670195772255E-4
./14uninfected_CGAGGCTG-CTCTCTAT_L001_R1_001_fastqc	19	5.384823445908991E-6	0.0	2.907804660790855E-4
./14uninfected_CGAGGCTG-CTCTCTAT_L001_R1_001_fastqc	20	5.384823445908991E-6	0.0	4.792492866859002E-4
./14uninfected_CGAGGCTG-CTCTCTAT_L001_R1_001_fastqc	21	5.384823445908991E-6	0.0	6.13869872833625E-4
./14uninfected_CGAGGCTG-CTCTCTAT_L001_R1_001_fastqc	22	5.384823445908991E-6	0.0	7.431056355354408E-4
./14uninfected_CGAGGCTG-CTCTCTAT_L001_R1_001_fastqc	23	5.384823445908991E-6	0.0	8.400324575618026E-4
./14uninfected_CGAGGCTG-CTCTCTAT_L001_R1_001_fastqc	24	5.384823445908991E-6	0.0	9.423441030340734E-4
./14uninfected_CGAGGCTG-CTCTCTAT_L001_R1_001_fastqc	25	5.384823445908991E-6	0.0	0.0010769646891817981
./14uninfected_CGAGGCTG-CTCTCTAT_L001_R1_001_fastqc	26	5.384823445908991E-6	0.0	0.0012762031566804308
./14uninfected_CGAGGCTG-CTCTCTAT_L001_R1_001_fastqc	27	5.384823445908991E-6	0.0	0.0015077505648545175
./14uninfected_CGAGGCTG-CTCTCTAT_L001_R1_001_fastqc	28	5.384823445908991E-6	0.0	0.002180853495593141
./14uninfected_CGAGGCTG-CTCTCTAT_L001_R1_001_fastqc	29	5.384823445908991E-6	0.0	0.003343975359909483
./14uninfected_CGAGGCTG-CTCTCTAT_L001_R1_001_fastqc	30	5.384823445908991E-6	0.0	0.004754799102737639
./14uninfected_CGAGGCTG-CTCTCTAT_L001_R1_001_fastqc	31	5.384823445908991E-6	0.0	0.007070273184478505
./14uninfected_CGAGGCTG-CTCTCTAT_L001_R1_001_fastqc	32	5.384823445908991E-6	0.0	0.009315744561422553
./14uninfected_CGAGGCTG-CTCTCTAT_L001_R1_001_fastqc	33	5.384823445908991E-6	0.0	0.011141199709585702
./7infected_AAGAGGCA-CTCTCTAT_L001_R1_001_fastqc	1	0.0	0.0	0.0
./7infected_AAGAGGCA-CTCTCTAT_L001_R1_001_fastqc	2	0.0	0.0	0.0
./7infected_AAGAGGCA-CTCTCTAT_L001_R1_001_fastqc	3	0.0	0.0	0.0
./7infected_AAGAGGCA-CTCTCTAT_L001_R1_001_fastqc	4	0.0	0.0	0.0
./7infected_AAGAGGCA-CTCTCTAT_L001_R1_001_fastqc	5	0.0	0.0	5.601830095484875E-6
./7infected_AAGAGGCA-CTCTCTAT_L001_R1_001_fastqc	6	1.6805490286454623E-5	5.601830095484875E-6	5.601830095484875E-6
./7infected_AAGAGGCA-CTCTCTAT_L001_R1_001_fastqc	7	2.24073203819395E-5	5.601830095484875E-6	5.601830095484875E-6
./7infected_AAGAGGCA-CTCTCTAT_L001_R1_001_fastqc	8	2.24073203819395E-5	5.601830095484875E-6	5.601830095484875E-6
./7infected_AAGAGGCA-CTCTCTAT_L001_R1_001_fastqc	9	2.24073203819395E-5	5.601830095484875E-6	2.24073203819395E-5
./7infected_AAGAGGCA-CTCTCTAT_L001_R1_001_fastqc	10	2.24073203819395E-5	5.601830095484875E-6	2.24073203819395E-5
./7infected_AAGAGGCA-CTCTCTAT_L001_R1_001_fastqc	11	2.24073203819395E-5	5.601830095484875E-6	2.24073203819395E-5
./7infected_AAGAGGCA-CTCTCTAT_L001_R1_001_fastqc	12	2.24073203819395E-5	5.601830095484875E-6	2.8009150477424374E-5
./7infected_AAGAGGCA-CTCTCTAT_L001_R1_001_fastqc	13	2.24073203819395E-5	5.601830095484875E-6	3.9212810668394125E-5
./7infected_AAGAGGCA-CTCTCTAT_L001_R1_001_fastqc	14	2.24073203819395E-5	5.601830095484875E-6	3.9212810668394125E-5
./7infected_AAGAGGCA-CTCTCTAT_L001_R1_001_fastqc	15	2.24073203819395E-5	5.601830095484875E-6	6.722196114581849E-5
./7infected_AAGAGGCA-CTCTCTAT_L001_R1_001_fastqc	16	3.3610980572909246E-5	5.601830095484875E-6	8.402745143227311E-5
./7infected_AAGAGGCA-CTCTCTAT_L001_R1_001_fastqc	17	3.3610980572909246E-5	5.601830095484875E-6	1.120366019096975E-4
./7infected_AAGAGGCA-CTCTCTAT_L001_R1_001_fastqc	18	3.3610980572909246E-5	5.601830095484875E-6	1.3444392229163698E-4
./7infected_AAGAGGCA-CTCTCTAT_L001_R1_001_fastqc	19	3.3610980572909246E-5	5.601830095484875E-6	1.3444392229163698E-4
./7infected_AAGAGGCA-CTCTCTAT_L001_R1_001_fastqc	20	3.3610980572909246E-5	5.601830095484875E-6	1.736567329600311E-4
./7infected_AAGAGGCA-CTCTCTAT_L001_R1_001_fastqc	21	3.3610980572909246E-5	5.601830095484875E-6	2.0726771353294035E-4
./7infected_AAGAGGCA-CTCTCTAT_L001_R1_001_fastqc	22	3.3610980572909246E-5	5.601830095484875E-6	2.5208235429681936E-4
./7infected_AAGAGGCA-CTCTCTAT_L001_R1_001_fastqc	23	3.9212810668394125E-5	5.601830095484875E-6	2.6888784458327397E-4
./7infected_AAGAGGCA-CTCTCTAT_L001_R1_001_fastqc	24	4.4814640763879E-5	5.601830095484875E-6	2.9689699506069833E-4
./7infected_AAGAGGCA-CTCTCTAT_L001_R1_001_fastqc	25	4.4814640763879E-5	5.601830095484875E-6	3.58517126111032E-4
./7infected_AAGAGGCA-CTCTCTAT_L001_R1_001_fastqc	26	4.4814640763879E-5	5.601830095484875E-6	4.425445775433051E-4
./7infected_AAGAGGCA-CTCTCTAT_L001_R1_001_fastqc	27	4.4814640763879E-5	5.601830095484875E-6	5.82590329930427E-4
./7infected_AAGAGGCA-CTCTCTAT_L001_R1_001_fastqc	28	4.4814640763879E-5	5.601830095484875E-6	7.394415726040035E-4
./7infected_AAGAGGCA-CTCTCTAT_L001_R1_001_fastqc	29	4.4814640763879E-5	5.601830095484875E-6	9.130983055640346E-4
./7infected_AAGAGGCA-CTCTCTAT_L001_R1_001_fastqc	30	4.4814640763879E-5	5.601830095484875E-6	0.0011763843200518237
./7infected_AAGAGGCA-CTCTCTAT_L001_R1_001_fastqc	31	4.4814640763879E-5	5.601830095484875E-6	0.0017141600092183717
./7infected_AAGAGGCA-CTCTCTAT_L001_R1_001_fastqc	32	4.4814640763879E-5	5.601830095484875E-6	0.0022575375284804044
./7infected_AAGAGGCA-CTCTCTAT_L001_R1_001_fastqc	33	5.601830095484875E-5	5.601830095484875E-6	0.0027168875963101643
./11infected_CGAGGCTG-GCGTAAGA_L001_R2_001_fastqc	1	0.0	0.0	0.0
./11infected_CGAGGCTG-GCGTAAGA_L001_R2_001_fastqc	2	0.0	0.0	0.0
./11infected_CGAGGCTG-GCGTAAGA_L001_R2_001_fastqc	3	0.0	0.0	5.504049879901631E-6
./11infected_CGAGGCTG-GCGTAAGA_L001_R2_001_fastqc	4	0.0	0.0	5.504049879901631E-6
./11infected_CGAGGCTG-GCGTAAGA_L001_R2_001_fastqc	5	0.0	0.0	5.504049879901631E-6
./11infected_CGAGGCTG-GCGTAAGA_L001_R2_001_fastqc	6	0.0	0.0	5.504049879901631E-6
./11infected_CGAGGCTG-GCGTAAGA_L001_R2_001_fastqc	7	0.0	0.0	1.1008099759803263E-5
./11infected_CGAGGCTG-GCGTAAGA_L001_R2_001_fastqc	8	0.0	0.0	1.1008099759803263E-5
./11infected_CGAGGCTG-GCGTAAGA_L001_R2_001_fastqc	9	0.0	0.0	1.6512149639704894E-5
./11infected_CGAGGCTG-GCGTAAGA_L001_R2_001_fastqc	10	0.0	0.0	1.6512149639704894E-5
./11infected_CGAGGCTG-GCGTAAGA_L001_R2_001_fastqc	11	0.0	0.0	2.2016199519606525E-5
./11infected_CGAGGCTG-GCGTAAGA_L001_R2_001_fastqc	12	0.0	0.0	3.852834915931142E-5
./11infected_CGAGGCTG-GCGTAAGA_L001_R2_001_fastqc	13	0.0	0.0	4.9536448919114686E-5
./11infected_CGAGGCTG-GCGTAAGA_L001_R2_001_fastqc	14	5.504049879901631E-6	0.0	6.054454867891795E-5
./11infected_CGAGGCTG-GCGTAAGA_L001_R2_001_fastqc	15	5.504049879901631E-6	0.0	1.376012469975408E-4
./11infected_CGAGGCTG-GCGTAAGA_L001_R2_001_fastqc	16	1.1008099759803263E-5	0.0	1.8713769591665547E-4
./11infected_CGAGGCTG-GCGTAAGA_L001_R2_001_fastqc	17	1.1008099759803263E-5	0.0	2.2016199519606525E-4
./11infected_CGAGGCTG-GCGTAAGA_L001_R2_001_fastqc	18	1.1008099759803263E-5	0.0	2.586903443553767E-4
./11infected_CGAGGCTG-GCGTAAGA_L001_R2_001_fastqc	19	1.1008099759803263E-5	0.0	2.752024939950816E-4
./11infected_CGAGGCTG-GCGTAAGA_L001_R2_001_fastqc	20	1.1008099759803263E-5	0.0	4.017956412328191E-4
./11infected_CGAGGCTG-GCGTAAGA_L001_R2_001_fastqc	21	1.1008099759803263E-5	0.0	5.008685390710484E-4
./11infected_CGAGGCTG-GCGTAAGA_L001_R2_001_fastqc	22	1.1008099759803263E-5	0.0	5.66917137629868E-4
./11infected_CGAGGCTG-GCGTAAGA_L001_R2_001_fastqc	23	1.1008099759803263E-5	0.0	6.439738359484909E-4
./11infected_CGAGGCTG-GCGTAAGA_L001_R2_001_fastqc	24	1.1008099759803263E-5	0.0	7.155264843872122E-4
./11infected_CGAGGCTG-GCGTAAGA_L001_R2_001_fastqc	25	1.1008099759803263E-5	0.0	8.641358311445562E-4
./11infected_CGAGGCTG-GCGTAAGA_L001_R2_001_fastqc	26	1.1008099759803263E-5	0.0	0.0010347613774215067
./11infected_CGAGGCTG-GCGTAAGA_L001_R2_001_fastqc	27	1.1008099759803263E-5	0.0	0.0013209719711763917
./11infected_CGAGGCTG-GCGTAAGA_L001_R2_001_fastqc	28	1.1008099759803263E-5	0.0	0.0018438567097670466
./11infected_CGAGGCTG-GCGTAAGA_L001_R2_001_fastqc	29	1.1008099759803263E-5	0.0	0.002790553289110127
./11infected_CGAGGCTG-GCGTAAGA_L001_R2_001_fastqc	30	1.1008099759803263E-5	0.0	0.004028964512087995
./11infected_CGAGGCTG-GCGTAAGA_L001_R2_001_fastqc	31	1.1008099759803263E-5	0.0	0.00620856826452904
./11infected_CGAGGCTG-GCGTAAGA_L001_R2_001_fastqc	32	1.1008099759803263E-5	0.0	0.00873492715940389
./11infected_CGAGGCTG-GCGTAAGA_L001_R2_001_fastqc	33	1.1008099759803263E-5	0.0	0.010776929664847395
./5uninfected_AAGAGGCA-GCGTAAGA_L001_R2_001_fastqc	1	0.0	0.0	0.0
./5uninfected_AAGAGGCA-GCGTAAGA_L001_R2_001_fastqc	2	0.0	0.0	0.0
./5uninfected_AAGAGGCA-GCGTAAGA_L001_R2_001_fastqc	3	0.0	0.0	0.0
./5uninfected_AAGAGGCA-GCGTAAGA_L001_R2_001_fastqc	4	0.0	0.0	0.0
./5uninfected_AAGAGGCA-GCGTAAGA_L001_R2_001_fastqc	5	0.0	0.0	0.0
./5uninfected_AAGAGGCA-GCGTAAGA_L001_R2_001_fastqc	6	5.3448422753079085E-6	0.0	0.0
./5uninfected_AAGAGGCA-GCGTAAGA_L001_R2_001_fastqc	7	5.3448422753079085E-6	0.0	5.3448422753079085E-6
./5uninfected_AAGAGGCA-GCGTAAGA_L001_R2_001_fastqc	8	5.3448422753079085E-6	0.0	5.3448422753079085E-6
./5uninfected_AAGAGGCA-GCGTAAGA_L001_R2_001_fastqc	9	5.3448422753079085E-6	0.0	1.6034526825923726E-5
./5uninfected_AAGAGGCA-GCGTAAGA_L001_R2_001_fastqc	10	5.3448422753079085E-6	0.0	3.206905365184745E-5
./5uninfected_AAGAGGCA-GCGTAAGA_L001_R2_001_fastqc	11	5.3448422753079085E-6	0.0	4.275873820246327E-5
./5uninfected_AAGAGGCA-GCGTAAGA_L001_R2_001_fastqc	12	5.3448422753079085E-6	0.0	4.275873820246327E-5
./5uninfected_AAGAGGCA-GCGTAAGA_L001_R2_001_fastqc	13	5.3448422753079085E-6	0.0	4.275873820246327E-5
./5uninfected_AAGAGGCA-GCGTAAGA_L001_R2_001_fastqc	14	5.3448422753079085E-6	0.0	5.879326502838699E-5
./5uninfected_AAGAGGCA-GCGTAAGA_L001_R2_001_fastqc	15	1.0689684550615817E-5	0.0	9.620716095554235E-5
./5uninfected_AAGAGGCA-GCGTAAGA_L001_R2_001_fastqc	16	1.0689684550615817E-5	0.0	1.3362105688269772E-4
./5uninfected_AAGAGGCA-GCGTAAGA_L001_R2_001_fastqc	17	1.0689684550615817E-5	0.0	1.7637979508516099E-4
./5uninfected_AAGAGGCA-GCGTAAGA_L001_R2_001_fastqc	18	1.0689684550615817E-5	0.0	1.8706947963577678E-4
./5uninfected_AAGAGGCA-GCGTAAGA_L001_R2_001_fastqc	19	1.0689684550615817E-5	0.0	2.0310400646170052E-4
./5uninfected_AAGAGGCA-GCGTAAGA_L001_R2_001_fastqc	20	1.0689684550615817E-5	0.0	2.88621482866627E-4
./5uninfected_AAGAGGCA-GCGTAAGA_L001_R2_001_fastqc	21	1.0689684550615817E-5	0.0	3.687941169962457E-4
./5uninfected_AAGAGGCA-GCGTAAGA_L001_R2_001_fastqc	22	1.0689684550615817E-5	0.0	3.901734860974773E-4
./5uninfected_AAGAGGCA-GCGTAAGA_L001_R2_001_fastqc	23	1.6034526825923726E-5	0.0	4.3293222429994057E-4
./5uninfected_AAGAGGCA-GCGTAAGA_L001_R2_001_fastqc	24	1.6034526825923726E-5	0.0	4.8103580477771175E-4
./5uninfected_AAGAGGCA-GCGTAAGA_L001_R2_001_fastqc	25	1.6034526825923726E-5	5.3448422753079085E-6	5.451739120814066E-4
./5uninfected_AAGAGGCA-GCGTAAGA_L001_R2_001_fastqc	26	1.6034526825923726E-5	5.3448422753079085E-6	6.520707575875648E-4
./5uninfected_AAGAGGCA-GCGTAAGA_L001_R2_001_fastqc	27	1.6034526825923726E-5	5.3448422753079085E-6	8.337953949480337E-4
./5uninfected_AAGAGGCA-GCGTAAGA_L001_R2_001_fastqc	28	1.6034526825923726E-5	5.3448422753079085E-6	0.001170520458292432
./5uninfected_AAGAGGCA-GCGTAAGA_L001_R2_001_fastqc	29	2.6724211376539543E-5	5.3448422753079085E-6	0.0018439705849812283
./5uninfected_AAGAGGCA-GCGTAAGA_L001_R2_001_fastqc	30	2.6724211376539543E-5	5.3448422753079085E-6	0.00281138703681196
./5uninfected_AAGAGGCA-GCGTAAGA_L001_R2_001_fastqc	31	2.6724211376539543E-5	5.3448422753079085E-6	0.004537771091736414
./5uninfected_AAGAGGCA-GCGTAAGA_L001_R2_001_fastqc	32	2.6724211376539543E-5	5.3448422753079085E-6	0.006178637670255942
./5uninfected_AAGAGGCA-GCGTAAGA_L001_R2_001_fastqc	33	2.6724211376539543E-5	5.3448422753079085E-6	0.007824849091050778
./11infected_CGAGGCTG-GCGTAAGA_L001_R1_001_fastqc	1	0.0	0.0	0.0
./11infected_CGAGGCTG-GCGTAAGA_L001_R1_001_fastqc	2	0.0	0.0	0.0
./11infected_CGAGGCTG-GCGTAAGA_L001_R1_001_fastqc	3	0.0	0.0	5.504049879901631E-6
./11infected_CGAGGCTG-GCGTAAGA_L001_R1_001_fastqc	4	0.0	0.0	5.504049879901631E-6
./11infected_CGAGGCTG-GCGTAAGA_L001_R1_001_fastqc	5	0.0	0.0	5.504049879901631E-6
./11infected_CGAGGCTG-GCGTAAGA_L001_R1_001_fastqc	6	5.504049879901631E-6	0.0	5.504049879901631E-6
./11infected_CGAGGCTG-GCGTAAGA_L001_R1_001_fastqc	7	5.504049879901631E-6	0.0	5.504049879901631E-6
./11infected_CGAGGCTG-GCGTAAGA_L001_R1_001_fastqc	8	5.504049879901631E-6	0.0	5.504049879901631E-6
./11infected_CGAGGCTG-GCGTAAGA_L001_R1_001_fastqc	9	5.504049879901631E-6	0.0	1.6512149639704894E-5
./11infected_CGAGGCTG-GCGTAAGA_L001_R1_001_fastqc	10	5.504049879901631E-6	0.0	2.7520249399508157E-5
./11infected_CGAGGCTG-GCGTAAGA_L001_R1_001_fastqc	11	5.504049879901631E-6	0.0	3.302429927940979E-5
./11infected_CGAGGCTG-GCGTAAGA_L001_R1_001_fastqc	12	1.1008099759803263E-5	0.0	4.9536448919114686E-5
./11infected_CGAGGCTG-GCGTAAGA_L001_R1_001_fastqc	13	1.1008099759803263E-5	0.0	6.054454867891795E-5
./11infected_CGAGGCTG-GCGTAAGA_L001_R1_001_fastqc	14	1.1008099759803263E-5	0.0	6.604859855881958E-5
./11infected_CGAGGCTG-GCGTAAGA_L001_R1_001_fastqc	15	1.1008099759803263E-5	0.0	1.3209719711763915E-4
./11infected_CGAGGCTG-GCGTAAGA_L001_R1_001_fastqc	16	1.6512149639704894E-5	0.0	1.596174465171473E-4
./11infected_CGAGGCTG-GCGTAAGA_L001_R1_001_fastqc	17	1.6512149639704894E-5	0.0	2.0364984555636036E-4
./11infected_CGAGGCTG-GCGTAAGA_L001_R1_001_fastqc	18	1.6512149639704894E-5	0.0	2.3117009495586852E-4
./11infected_CGAGGCTG-GCGTAAGA_L001_R1_001_fastqc	19	1.6512149639704894E-5	0.0	2.5318629447547506E-4
./11infected_CGAGGCTG-GCGTAAGA_L001_R1_001_fastqc	20	1.6512149639704894E-5	0.0	3.687713419534093E-4
./11infected_CGAGGCTG-GCGTAAGA_L001_R1_001_fastqc	21	1.6512149639704894E-5	0.0	4.568361400318354E-4
./11infected_CGAGGCTG-GCGTAAGA_L001_R1_001_fastqc	22	1.6512149639704894E-5	0.0	5.063725889509501E-4
./11infected_CGAGGCTG-GCGTAAGA_L001_R1_001_fastqc	23	1.6512149639704894E-5	0.0	5.944373870293762E-4
./11infected_CGAGGCTG-GCGTAAGA_L001_R1_001_fastqc	24	1.6512149639704894E-5	0.0	6.604859855881958E-4
./11infected_CGAGGCTG-GCGTAAGA_L001_R1_001_fastqc	25	1.6512149639704894E-5	0.0	7.870791328259333E-4
./11infected_CGAGGCTG-GCGTAAGA_L001_R1_001_fastqc	26	1.6512149639704894E-5	0.0	9.632087289827855E-4
./11infected_CGAGGCTG-GCGTAAGA_L001_R1_001_fastqc	27	1.6512149639704894E-5	0.0	0.0012163950234582606
./11infected_CGAGGCTG-GCGTAAGA_L001_R1_001_fastqc	28	1.6512149639704894E-5	0.0	0.0017117595126494075
./11infected_CGAGGCTG-GCGTAAGA_L001_R1_001_fastqc	29	1.6512149639704894E-5	0.0	0.0026969844411517995
./11infected_CGAGGCTG-GCGTAAGA_L001_R1_001_fastqc	30	1.6512149639704894E-5	0.0	0.003929891614249765
./11infected_CGAGGCTG-GCGTAAGA_L001_R1_001_fastqc	31	1.6512149639704894E-5	0.0	0.006087479167171205
./11infected_CGAGGCTG-GCGTAAGA_L001_R1_001_fastqc	32	1.6512149639704894E-5	0.0	0.008564301613126938
./11infected_CGAGGCTG-GCGTAAGA_L001_R1_001_fastqc	33	1.6512149639704894E-5	0.0	0.010578783869170936
./10uninfected_GTAGAGGA-CTAAGCCT_L001_R1_001_fastqc	1	0.0	0.0	0.0
./10uninfected_GTAGAGGA-CTAAGCCT_L001_R1_001_fastqc	2	4.767784348155437E-6	0.0	0.0
./10uninfected_GTAGAGGA-CTAAGCCT_L001_R1_001_fastqc	3	4.767784348155437E-6	0.0	0.0
./10uninfected_GTAGAGGA-CTAAGCCT_L001_R1_001_fastqc	4	4.767784348155437E-6	0.0	4.767784348155437E-6
./10uninfected_GTAGAGGA-CTAAGCCT_L001_R1_001_fastqc	5	4.767784348155437E-6	0.0	9.535568696310874E-6
./10uninfected_GTAGAGGA-CTAAGCCT_L001_R1_001_fastqc	6	9.535568696310874E-6	0.0	9.535568696310874E-6
./10uninfected_GTAGAGGA-CTAAGCCT_L001_R1_001_fastqc	7	9.535568696310874E-6	0.0	9.535568696310874E-6
./10uninfected_GTAGAGGA-CTAAGCCT_L001_R1_001_fastqc	8	9.535568696310874E-6	0.0	1.907113739262175E-5
./10uninfected_GTAGAGGA-CTAAGCCT_L001_R1_001_fastqc	9	1.907113739262175E-5	0.0	4.7677843481554375E-5
./10uninfected_GTAGAGGA-CTAAGCCT_L001_R1_001_fastqc	10	1.907113739262175E-5	0.0	5.7213412177865246E-5
./10uninfected_GTAGAGGA-CTAAGCCT_L001_R1_001_fastqc	11	1.907113739262175E-5	0.0	6.674898087417612E-5
./10uninfected_GTAGAGGA-CTAAGCCT_L001_R1_001_fastqc	12	1.907113739262175E-5	0.0	8.582011826679787E-5
./10uninfected_GTAGAGGA-CTAAGCCT_L001_R1_001_fastqc	13	1.907113739262175E-5	0.0	1.0489125565941962E-4
./10uninfected_GTAGAGGA-CTAAGCCT_L001_R1_001_fastqc	14	1.907113739262175E-5	0.0	1.1442682435573049E-4
./10uninfected_GTAGAGGA-CTAAGCCT_L001_R1_001_fastqc	15	2.3838921740777188E-5	0.0	1.3826574609650767E-4
./10uninfected_GTAGAGGA-CTAAGCCT_L001_R1_001_fastqc	16	3.337449043708806E-5	0.0	1.5733688348912943E-4
./10uninfected_GTAGAGGA-CTAAGCCT_L001_R1_001_fastqc	17	3.337449043708806E-5	0.0	1.8594358957806206E-4
./10uninfected_GTAGAGGA-CTAAGCCT_L001_R1_001_fastqc	18	3.337449043708806E-5	0.0	2.050147269706838E-4
./10uninfected_GTAGAGGA-CTAAGCCT_L001_R1_001_fastqc	19	3.337449043708806E-5	0.0	2.479247861040827E-4
./10uninfected_GTAGAGGA-CTAAGCCT_L001_R1_001_fastqc	20	3.337449043708806E-5	0.0	3.1467376697825886E-4
./10uninfected_GTAGAGGA-CTAAGCCT_L001_R1_001_fastqc	21	3.337449043708806E-5	0.0	3.718871791561241E-4
./10uninfected_GTAGAGGA-CTAAGCCT_L001_R1_001_fastqc	22	3.337449043708806E-5	0.0	4.1479723828952305E-4
./10uninfected_GTAGAGGA-CTAAGCCT_L001_R1_001_fastqc	23	3.81422747852435E-5	0.0	4.8154621916369914E-4
./10uninfected_GTAGAGGA-CTAAGCCT_L001_R1_001_fastqc	24	3.81422747852435E-5	0.0	6.007408278675851E-4
./10uninfected_GTAGAGGA-CTAAGCCT_L001_R1_001_fastqc	25	3.81422747852435E-5	0.0	6.674898087417612E-4
./10uninfected_GTAGAGGA-CTAAGCCT_L001_R1_001_fastqc	26	3.81422747852435E-5	0.0	7.914522017938026E-4
./10uninfected_GTAGAGGA-CTAAGCCT_L001_R1_001_fastqc	27	3.81422747852435E-5	0.0	9.48789085282932E-4
./10uninfected_GTAGAGGA-CTAAGCCT_L001_R1_001_fastqc	28	3.81422747852435E-5	0.0	0.001287301774001968
./10uninfected_GTAGAGGA-CTAAGCCT_L001_R1_001_fastqc	29	3.81422747852435E-5	0.0	0.0019166493079584858
./10uninfected_GTAGAGGA-CTAAGCCT_L001_R1_001_fastqc	30	3.81422747852435E-5	0.0	0.002746243784537532
./10uninfected_GTAGAGGA-CTAAGCCT_L001_R1_001_fastqc	31	3.81422747852435E-5	0.0	0.0040192422054950334
./10uninfected_GTAGAGGA-CTAAGCCT_L001_R1_001_fastqc	32	3.81422747852435E-5	0.0	0.005511558706467685
./10uninfected_GTAGAGGA-CTAAGCCT_L001_R1_001_fastqc	33	3.81422747852435E-5	4.767784348155437E-6	0.0068751450300401406
./9uninfected_GTAGAGGA-AAGGAGTA_L001_R1_001_fastqc	1	0.0	0.0	0.0
./9uninfected_GTAGAGGA-AAGGAGTA_L001_R1_001_fastqc	2	0.0	0.0	0.0
./9uninfected_GTAGAGGA-AAGGAGTA_L001_R1_001_fastqc	3	0.0	0.0	0.0
./9uninfected_GTAGAGGA-AAGGAGTA_L001_R1_001_fastqc	4	0.0	0.0	0.0
./9uninfected_GTAGAGGA-AAGGAGTA_L001_R1_001_fastqc	5	0.0	0.0	0.0
./9uninfected_GTAGAGGA-AAGGAGTA_L001_R1_001_fastqc	6	4.675270223606019E-6	0.0	0.0
./9uninfected_GTAGAGGA-AAGGAGTA_L001_R1_001_fastqc	7	1.4025810670818057E-5	0.0	4.675270223606019E-6
./9uninfected_GTAGAGGA-AAGGAGTA_L001_R1_001_fastqc	8	1.4025810670818057E-5	0.0	4.675270223606019E-6
./9uninfected_GTAGAGGA-AAGGAGTA_L001_R1_001_fastqc	9	1.8701080894424076E-5	0.0	1.4025810670818057E-5
./9uninfected_GTAGAGGA-AAGGAGTA_L001_R1_001_fastqc	10	2.3376351118030095E-5	0.0	2.3376351118030095E-5
./9uninfected_GTAGAGGA-AAGGAGTA_L001_R1_001_fastqc	11	2.3376351118030095E-5	0.0	2.3376351118030095E-5
./9uninfected_GTAGAGGA-AAGGAGTA_L001_R1_001_fastqc	12	2.3376351118030095E-5	0.0	2.3376351118030095E-5
./9uninfected_GTAGAGGA-AAGGAGTA_L001_R1_001_fastqc	13	2.3376351118030095E-5	0.0	2.8051621341636114E-5
./9uninfected_GTAGAGGA-AAGGAGTA_L001_R1_001_fastqc	14	2.3376351118030095E-5	0.0	3.272689156524214E-5
./9uninfected_GTAGAGGA-AAGGAGTA_L001_R1_001_fastqc	15	2.3376351118030095E-5	0.0	4.675270223606019E-5
./9uninfected_GTAGAGGA-AAGGAGTA_L001_R1_001_fastqc	16	2.8051621341636114E-5	0.0	4.675270223606019E-5
./9uninfected_GTAGAGGA-AAGGAGTA_L001_R1_001_fastqc	17	3.272689156524214E-5	0.0	7.012905335409029E-5
./9uninfected_GTAGAGGA-AAGGAGTA_L001_R1_001_fastqc	18	3.272689156524214E-5	0.0	1.0285594491933243E-4
./9uninfected_GTAGAGGA-AAGGAGTA_L001_R1_001_fastqc	19	3.272689156524214E-5	0.0	1.1220648536654446E-4
./9uninfected_GTAGAGGA-AAGGAGTA_L001_R1_001_fastqc	20	3.272689156524214E-5	0.0	1.7766026849702873E-4
./9uninfected_GTAGAGGA-AAGGAGTA_L001_R1_001_fastqc	21	3.740216178884815E-5	0.0	1.963613493914528E-4
./9uninfected_GTAGAGGA-AAGGAGTA_L001_R1_001_fastqc	22	3.740216178884815E-5	0.0	2.0571188983866485E-4
./9uninfected_GTAGAGGA-AAGGAGTA_L001_R1_001_fastqc	23	4.675270223606019E-5	0.0	2.3376351118030095E-4
./9uninfected_GTAGAGGA-AAGGAGTA_L001_R1_001_fastqc	24	4.675270223606019E-5	0.0	3.0389256453439124E-4
./9uninfected_GTAGAGGA-AAGGAGTA_L001_R1_001_fastqc	25	4.675270223606019E-5	0.0	3.366194560996334E-4
./9uninfected_GTAGAGGA-AAGGAGTA_L001_R1_001_fastqc	26	5.142797245966621E-5	0.0	4.2077432012454174E-4
./9uninfected_GTAGAGGA-AAGGAGTA_L001_R1_001_fastqc	27	5.142797245966621E-5	0.0	5.890840481743584E-4
./9uninfected_GTAGAGGA-AAGGAGTA_L001_R1_001_fastqc	28	5.142797245966621E-5	0.0	7.433679655533571E-4
./9uninfected_GTAGAGGA-AAGGAGTA_L001_R1_001_fastqc	29	5.142797245966621E-5	0.0	0.0010799874216529904
./9uninfected_GTAGAGGA-AAGGAGTA_L001_R1_001_fastqc	30	5.610324268327223E-5	0.0	0.0014306326884234418
./9uninfected_GTAGAGGA-AAGGAGTA_L001_R1_001_fastqc	31	5.610324268327223E-5	0.0	0.0020945210601754968
./9uninfected_GTAGAGGA-AAGGAGTA_L001_R1_001_fastqc	32	5.610324268327223E-5	0.0	0.0028565901066232775
./9uninfected_GTAGAGGA-AAGGAGTA_L001_R1_001_fastqc	33	5.610324268327223E-5	0.0	0.0034784010463628783
./1infected_CGAGGCTG-AAGGAGTA_L001_R2_001_fastqc	1	0.0	0.0	0.0
./1infected_CGAGGCTG-AAGGAGTA_L001_R2_001_fastqc	2	0.0	0.0	0.0
./1infected_CGAGGCTG-AAGGAGTA_L001_R2_001_fastqc	3	0.0	0.0	0.0
./1infected_CGAGGCTG-AAGGAGTA_L001_R2_001_fastqc	4	0.0	0.0	0.0
./1infected_CGAGGCTG-AAGGAGTA_L001_R2_001_fastqc	5	0.0	0.0	0.0
./1infected_CGAGGCTG-AAGGAGTA_L001_R2_001_fastqc	6	4.810869794674964E-6	0.0	0.0
./1infected_CGAGGCTG-AAGGAGTA_L001_R2_001_fastqc	7	1.4432609384024892E-5	0.0	0.0
./1infected_CGAGGCTG-AAGGAGTA_L001_R2_001_fastqc	8	1.4432609384024892E-5	0.0	9.621739589349927E-6
./1infected_CGAGGCTG-AAGGAGTA_L001_R2_001_fastqc	9	1.9243479178699854E-5	0.0	1.9243479178699854E-5
./1infected_CGAGGCTG-AAGGAGTA_L001_R2_001_fastqc	10	1.9243479178699854E-5	0.0	3.848695835739971E-5
./1infected_CGAGGCTG-AAGGAGTA_L001_R2_001_fastqc	11	1.9243479178699854E-5	0.0	3.848695835739971E-5
./1infected_CGAGGCTG-AAGGAGTA_L001_R2_001_fastqc	12	1.9243479178699854E-5	0.0	5.29195677414246E-5
./1infected_CGAGGCTG-AAGGAGTA_L001_R2_001_fastqc	13	2.8865218768049783E-5	0.0	5.7730437536099566E-5
./1infected_CGAGGCTG-AAGGAGTA_L001_R2_001_fastqc	14	2.8865218768049783E-5	0.0	6.73521771254495E-5
./1infected_CGAGGCTG-AAGGAGTA_L001_R2_001_fastqc	15	3.367608856272475E-5	0.0	9.621739589349928E-5
./1infected_CGAGGCTG-AAGGAGTA_L001_R2_001_fastqc	16	3.367608856272475E-5	0.0	1.2508261466154905E-4
./1infected_CGAGGCTG-AAGGAGTA_L001_R2_001_fastqc	17	3.367608856272475E-5	0.0	1.443260938402489E-4
./1infected_CGAGGCTG-AAGGAGTA_L001_R2_001_fastqc	18	3.367608856272475E-5	0.0	1.731913126082987E-4
./1infected_CGAGGCTG-AAGGAGTA_L001_R2_001_fastqc	19	3.367608856272475E-5	0.0	1.972456615816735E-4
./1infected_CGAGGCTG-AAGGAGTA_L001_R2_001_fastqc	20	3.367608856272475E-5	0.0	3.0789566685919767E-4
./1infected_CGAGGCTG-AAGGAGTA_L001_R2_001_fastqc	21	3.367608856272475E-5	0.0	3.560043648059473E-4
./1infected_CGAGGCTG-AAGGAGTA_L001_R2_001_fastqc	22	3.367608856272475E-5	0.0	4.4260002111009666E-4
./1infected_CGAGGCTG-AAGGAGTA_L001_R2_001_fastqc	23	3.367608856272475E-5	0.0	5.147630680302211E-4
./1infected_CGAGGCTG-AAGGAGTA_L001_R2_001_fastqc	24	3.848695835739971E-5	0.0	5.628717659769707E-4
./1infected_CGAGGCTG-AAGGAGTA_L001_R2_001_fastqc	25	3.848695835739971E-5	0.0	6.302239431024202E-4
./1infected_CGAGGCTG-AAGGAGTA_L001_R2_001_fastqc	26	3.848695835739971E-5	0.0	7.745500369426691E-4
./1infected_CGAGGCTG-AAGGAGTA_L001_R2_001_fastqc	27	3.848695835739971E-5	0.0	9.28497870372268E-4
./1infected_CGAGGCTG-AAGGAGTA_L001_R2_001_fastqc	28	3.848695835739971E-5	0.0	0.0012508261466154906
./1infected_CGAGGCTG-AAGGAGTA_L001_R2_001_fastqc	29	3.848695835739971E-5	0.0	0.0017752109542350616
./1infected_CGAGGCTG-AAGGAGTA_L001_R2_001_fastqc	30	4.3297828152074676E-5	0.0	0.002386191418158782
./1infected_CGAGGCTG-AAGGAGTA_L001_R2_001_fastqc	31	4.810869794674964E-5	0.0	0.0035071240803180486
./1infected_CGAGGCTG-AAGGAGTA_L001_R2_001_fastqc	32	4.810869794674964E-5	0.0	0.0046521110914506895
./1infected_CGAGGCTG-AAGGAGTA_L001_R2_001_fastqc	33	4.810869794674964E-5	0.0	0.0057201241858685315
./14uninfected_CGAGGCTG-CTCTCTAT_L001_R2_001_fastqc	1	0.0	0.0	0.0
./14uninfected_CGAGGCTG-CTCTCTAT_L001_R2_001_fastqc	2	0.0	0.0	0.0
./14uninfected_CGAGGCTG-CTCTCTAT_L001_R2_001_fastqc	3	0.0	0.0	0.0
./14uninfected_CGAGGCTG-CTCTCTAT_L001_R2_001_fastqc	4	0.0	0.0	5.384823445908991E-6
./14uninfected_CGAGGCTG-CTCTCTAT_L001_R2_001_fastqc	5	0.0	0.0	5.384823445908991E-6
./14uninfected_CGAGGCTG-CTCTCTAT_L001_R2_001_fastqc	6	0.0	0.0	5.384823445908991E-6
./14uninfected_CGAGGCTG-CTCTCTAT_L001_R2_001_fastqc	7	0.0	0.0	5.384823445908991E-6
./14uninfected_CGAGGCTG-CTCTCTAT_L001_R2_001_fastqc	8	5.384823445908991E-6	0.0	5.384823445908991E-6
./14uninfected_CGAGGCTG-CTCTCTAT_L001_R2_001_fastqc	9	5.384823445908991E-6	0.0	2.1539293783635963E-5
./14uninfected_CGAGGCTG-CTCTCTAT_L001_R2_001_fastqc	10	5.384823445908991E-6	0.0	3.230894067545394E-5
./14uninfected_CGAGGCTG-CTCTCTAT_L001_R2_001_fastqc	11	5.384823445908991E-6	0.0	4.3078587567271926E-5
./14uninfected_CGAGGCTG-CTCTCTAT_L001_R2_001_fastqc	12	5.384823445908991E-6	0.0	6.461788135090789E-5
./14uninfected_CGAGGCTG-CTCTCTAT_L001_R2_001_fastqc	13	1.0769646891817982E-5	0.0	7.538752824272588E-5
./14uninfected_CGAGGCTG-CTCTCTAT_L001_R2_001_fastqc	14	1.0769646891817982E-5	0.0	1.130812923640888E-4
./14uninfected_CGAGGCTG-CTCTCTAT_L001_R2_001_fastqc	15	1.0769646891817982E-5	0.0	1.9385364405272366E-4
./14uninfected_CGAGGCTG-CTCTCTAT_L001_R2_001_fastqc	16	1.0769646891817982E-5	0.0	2.907804660790855E-4
./14uninfected_CGAGGCTG-CTCTCTAT_L001_R2_001_fastqc	17	1.0769646891817982E-5	0.0	3.446287005381754E-4
./14uninfected_CGAGGCTG-CTCTCTAT_L001_R2_001_fastqc	18	1.0769646891817982E-5	0.0	3.823224646595383E-4
./14uninfected_CGAGGCTG-CTCTCTAT_L001_R2_001_fastqc	19	1.0769646891817982E-5	0.0	4.146314053349923E-4
./14uninfected_CGAGGCTG-CTCTCTAT_L001_R2_001_fastqc	20	1.0769646891817982E-5	0.0	6.13869872833625E-4
./14uninfected_CGAGGCTG-CTCTCTAT_L001_R2_001_fastqc	21	1.0769646891817982E-5	0.0	7.431056355354408E-4
./14uninfected_CGAGGCTG-CTCTCTAT_L001_R2_001_fastqc	22	1.0769646891817982E-5	0.0	8.723413982372565E-4
./14uninfected_CGAGGCTG-CTCTCTAT_L001_R2_001_fastqc	23	1.0769646891817982E-5	0.0	9.908075140472542E-4
./14uninfected_CGAGGCTG-CTCTCTAT_L001_R2_001_fastqc	24	1.0769646891817982E-5	0.0	0.001114658453303161
./14uninfected_CGAGGCTG-CTCTCTAT_L001_R2_001_fastqc	25	1.0769646891817982E-5	0.0	0.0012600486863427037
./14uninfected_CGAGGCTG-CTCTCTAT_L001_R2_001_fastqc	26	1.0769646891817982E-5	0.0	0.0015454443289758804
./14uninfected_CGAGGCTG-CTCTCTAT_L001_R2_001_fastqc	27	1.0769646891817982E-5	0.0	0.001787761384041785
./14uninfected_CGAGGCTG-CTCTCTAT_L001_R2_001_fastqc	28	1.0769646891817982E-5	0.0	0.0024877884320099537
./14uninfected_CGAGGCTG-CTCTCTAT_L001_R2_001_fastqc	29	1.615447033772697E-5	0.0	0.0036401406494344776
./14uninfected_CGAGGCTG-CTCTCTAT_L001_R2_001_fastqc	30	1.615447033772697E-5	0.0	0.005104812626721723
./14uninfected_CGAGGCTG-CTCTCTAT_L001_R2_001_fastqc	31	1.615447033772697E-5	0.0	0.007457980472583952
./14uninfected_CGAGGCTG-CTCTCTAT_L001_R2_001_fastqc	32	1.615447033772697E-5	0.0	0.009735760790203456
./14uninfected_CGAGGCTG-CTCTCTAT_L001_R2_001_fastqc	33	1.615447033772697E-5	0.0	0.011609679349379783
./5uninfected_AAGAGGCA-GCGTAAGA_L001_R1_001_fastqc	1	0.0	0.0	0.0
./5uninfected_AAGAGGCA-GCGTAAGA_L001_R1_001_fastqc	2	0.0	0.0	0.0
./5uninfected_AAGAGGCA-GCGTAAGA_L001_R1_001_fastqc	3	0.0	0.0	0.0
./5uninfected_AAGAGGCA-GCGTAAGA_L001_R1_001_fastqc	4	0.0	0.0	0.0
./5uninfected_AAGAGGCA-GCGTAAGA_L001_R1_001_fastqc	5	0.0	0.0	0.0
./5uninfected_AAGAGGCA-GCGTAAGA_L001_R1_001_fastqc	6	1.0689684550615817E-5	0.0	0.0
./5uninfected_AAGAGGCA-GCGTAAGA_L001_R1_001_fastqc	7	1.0689684550615817E-5	0.0	5.3448422753079085E-6
./5uninfected_AAGAGGCA-GCGTAAGA_L001_R1_001_fastqc	8	1.0689684550615817E-5	0.0	5.3448422753079085E-6
./5uninfected_AAGAGGCA-GCGTAAGA_L001_R1_001_fastqc	9	1.6034526825923726E-5	0.0	2.1379369101231634E-5
./5uninfected_AAGAGGCA-GCGTAAGA_L001_R1_001_fastqc	10	1.6034526825923726E-5	0.0	4.275873820246327E-5
./5uninfected_AAGAGGCA-GCGTAAGA_L001_R1_001_fastqc	11	1.6034526825923726E-5	0.0	5.3448422753079085E-5
./5uninfected_AAGAGGCA-GCGTAAGA_L001_R1_001_fastqc	12	1.6034526825923726E-5	0.0	5.3448422753079085E-5
./5uninfected_AAGAGGCA-GCGTAAGA_L001_R1_001_fastqc	13	1.6034526825923726E-5	0.0	5.3448422753079085E-5
./5uninfected_AAGAGGCA-GCGTAAGA_L001_R1_001_fastqc	14	1.6034526825923726E-5	0.0	6.948294957900281E-5
./5uninfected_AAGAGGCA-GCGTAAGA_L001_R1_001_fastqc	15	1.6034526825923726E-5	0.0	9.086231868023445E-5
./5uninfected_AAGAGGCA-GCGTAAGA_L001_R1_001_fastqc	16	2.6724211376539543E-5	0.0	1.229313723320819E-4
./5uninfected_AAGAGGCA-GCGTAAGA_L001_R1_001_fastqc	17	3.206905365184745E-5	0.0	1.5500042598392934E-4
./5uninfected_AAGAGGCA-GCGTAAGA_L001_R1_001_fastqc	18	3.206905365184745E-5	0.0	1.7103495280985307E-4
./5uninfected_AAGAGGCA-GCGTAAGA_L001_R1_001_fastqc	19	3.206905365184745E-5	0.0	1.924143219110847E-4
./5uninfected_AAGAGGCA-GCGTAAGA_L001_R1_001_fastqc	20	3.206905365184745E-5	0.0	2.618972714900875E-4
./5uninfected_AAGAGGCA-GCGTAAGA_L001_R1_001_fastqc	21	3.206905365184745E-5	0.0	3.4206990561970615E-4
./5uninfected_AAGAGGCA-GCGTAAGA_L001_R1_001_fastqc	22	3.206905365184745E-5	0.0	3.634492747209378E-4
./5uninfected_AAGAGGCA-GCGTAAGA_L001_R1_001_fastqc	23	3.206905365184745E-5	0.0	3.901734860974773E-4
./5uninfected_AAGAGGCA-GCGTAAGA_L001_R1_001_fastqc	24	3.206905365184745E-5	0.0	4.489667511258643E-4
./5uninfected_AAGAGGCA-GCGTAAGA_L001_R1_001_fastqc	25	3.206905365184745E-5	0.0	4.970703316036355E-4
./5uninfected_AAGAGGCA-GCGTAAGA_L001_R1_001_fastqc	26	3.206905365184745E-5	0.0	5.986223348344857E-4
./5uninfected_AAGAGGCA-GCGTAAGA_L001_R1_001_fastqc	27	3.206905365184745E-5	0.0	7.58967603093723E-4
./5uninfected_AAGAGGCA-GCGTAAGA_L001_R1_001_fastqc	28	3.206905365184745E-5	0.0	0.001111727193264045
./5uninfected_AAGAGGCA-GCGTAAGA_L001_R1_001_fastqc	29	3.206905365184745E-5	0.0	0.0017637979508516098
./5uninfected_AAGAGGCA-GCGTAAGA_L001_R1_001_fastqc	30	3.206905365184745E-5	0.0	0.0026938005067551857
./5uninfected_AAGAGGCA-GCGTAAGA_L001_R1_001_fastqc	31	3.206905365184745E-5	0.0	0.00442018456167964
./5uninfected_AAGAGGCA-GCGTAAGA_L001_R1_001_fastqc	32	3.206905365184745E-5	0.0	0.006061051140199168
./5uninfected_AAGAGGCA-GCGTAAGA_L001_R1_001_fastqc	33	3.206905365184745E-5	0.0	0.007733986772370543
./7infected_AAGAGGCA-CTCTCTAT_L001_R2_001_fastqc	1	0.0	0.0	0.0
./7infected_AAGAGGCA-CTCTCTAT_L001_R2_001_fastqc	2	0.0	0.0	0.0
./7infected_AAGAGGCA-CTCTCTAT_L001_R2_001_fastqc	3	0.0	0.0	0.0
./7infected_AAGAGGCA-CTCTCTAT_L001_R2_001_fastqc	4	0.0	0.0	5.601830095484875E-6
./7infected_AAGAGGCA-CTCTCTAT_L001_R2_001_fastqc	5	0.0	0.0	1.120366019096975E-5
./7infected_AAGAGGCA-CTCTCTAT_L001_R2_001_fastqc	6	2.24073203819395E-5	0.0	1.120366019096975E-5
./7infected_AAGAGGCA-CTCTCTAT_L001_R2_001_fastqc	7	3.3610980572909246E-5	0.0	1.120366019096975E-5
./7infected_AAGAGGCA-CTCTCTAT_L001_R2_001_fastqc	8	3.3610980572909246E-5	0.0	1.120366019096975E-5
./7infected_AAGAGGCA-CTCTCTAT_L001_R2_001_fastqc	9	5.041647085936387E-5	0.0	3.3610980572909246E-5
./7infected_AAGAGGCA-CTCTCTAT_L001_R2_001_fastqc	10	5.601830095484875E-5	0.0	3.9212810668394125E-5
./7infected_AAGAGGCA-CTCTCTAT_L001_R2_001_fastqc	11	5.601830095484875E-5	0.0	4.4814640763879E-5
./7infected_AAGAGGCA-CTCTCTAT_L001_R2_001_fastqc	12	5.601830095484875E-5	0.0	5.041647085936387E-5
./7infected_AAGAGGCA-CTCTCTAT_L001_R2_001_fastqc	13	5.601830095484875E-5	0.0	5.601830095484875E-5
./7infected_AAGAGGCA-CTCTCTAT_L001_R2_001_fastqc	14	5.601830095484875E-5	0.0	5.601830095484875E-5
./7infected_AAGAGGCA-CTCTCTAT_L001_R2_001_fastqc	15	5.601830095484875E-5	0.0	8.9629281527758E-5
./7infected_AAGAGGCA-CTCTCTAT_L001_R2_001_fastqc	16	6.162013105033363E-5	0.0	1.120366019096975E-4
./7infected_AAGAGGCA-CTCTCTAT_L001_R2_001_fastqc	17	6.162013105033363E-5	0.0	1.3444392229163698E-4
./7infected_AAGAGGCA-CTCTCTAT_L001_R2_001_fastqc	18	6.162013105033363E-5	0.0	1.568512426735765E-4
./7infected_AAGAGGCA-CTCTCTAT_L001_R2_001_fastqc	19	6.162013105033363E-5	0.0	1.568512426735765E-4
./7infected_AAGAGGCA-CTCTCTAT_L001_R2_001_fastqc	20	6.162013105033363E-5	0.0	2.2967503391487987E-4
./7infected_AAGAGGCA-CTCTCTAT_L001_R2_001_fastqc	21	6.162013105033363E-5	0.0	2.7448967467875887E-4
./7infected_AAGAGGCA-CTCTCTAT_L001_R2_001_fastqc	22	6.162013105033363E-5	0.0	3.081006552516681E-4
./7infected_AAGAGGCA-CTCTCTAT_L001_R2_001_fastqc	23	6.162013105033363E-5	0.0	3.473134659200622E-4
./7infected_AAGAGGCA-CTCTCTAT_L001_R2_001_fastqc	24	6.722196114581849E-5	0.0	3.809244464929715E-4
./7infected_AAGAGGCA-CTCTCTAT_L001_R2_001_fastqc	25	6.722196114581849E-5	0.0	4.425445775433051E-4
./7infected_AAGAGGCA-CTCTCTAT_L001_R2_001_fastqc	26	6.722196114581849E-5	0.0	5.489793493575177E-4
./7infected_AAGAGGCA-CTCTCTAT_L001_R2_001_fastqc	27	6.722196114581849E-5	0.0	6.946269318401244E-4
./7infected_AAGAGGCA-CTCTCTAT_L001_R2_001_fastqc	28	6.722196114581849E-5	0.0	8.45876344418216E-4
./7infected_AAGAGGCA-CTCTCTAT_L001_R2_001_fastqc	29	6.722196114581849E-5	0.0	0.0010307367375692168
./7infected_AAGAGGCA-CTCTCTAT_L001_R2_001_fastqc	30	6.722196114581849E-5	0.0	0.0013276337326299152
./7infected_AAGAGGCA-CTCTCTAT_L001_R2_001_fastqc	31	6.722196114581849E-5	0.0	0.0018934185722738876
./7infected_AAGAGGCA-CTCTCTAT_L001_R2_001_fastqc	32	6.722196114581849E-5	0.0	0.0024592034119178597
./7infected_AAGAGGCA-CTCTCTAT_L001_R2_001_fastqc	33	6.722196114581849E-5	0.0	0.0029353589700340742
./2infected_CGAGGCTG-CTAAGCCT_L001_R2_001_fastqc	1	0.0	0.0	0.0
./2infected_CGAGGCTG-CTAAGCCT_L001_R2_001_fastqc	2	0.0	0.0	0.0
./2infected_CGAGGCTG-CTAAGCCT_L001_R2_001_fastqc	3	0.0	0.0	0.0
./2infected_CGAGGCTG-CTAAGCCT_L001_R2_001_fastqc	4	0.0	5.191336033935556E-6	0.0
./2infected_CGAGGCTG-CTAAGCCT_L001_R2_001_fastqc	5	0.0	5.191336033935556E-6	0.0
./2infected_CGAGGCTG-CTAAGCCT_L001_R2_001_fastqc	6	0.0	5.191336033935556E-6	0.0
./2infected_CGAGGCTG-CTAAGCCT_L001_R2_001_fastqc	7	5.191336033935556E-6	5.191336033935556E-6	0.0
./2infected_CGAGGCTG-CTAAGCCT_L001_R2_001_fastqc	8	1.0382672067871112E-5	5.191336033935556E-6	0.0
./2infected_CGAGGCTG-CTAAGCCT_L001_R2_001_fastqc	9	1.0382672067871112E-5	5.191336033935556E-6	0.0
./2infected_CGAGGCTG-CTAAGCCT_L001_R2_001_fastqc	10	1.5574008101806668E-5	5.191336033935556E-6	5.191336033935556E-6
./2infected_CGAGGCTG-CTAAGCCT_L001_R2_001_fastqc	11	1.5574008101806668E-5	5.191336033935556E-6	5.191336033935556E-6
./2infected_CGAGGCTG-CTAAGCCT_L001_R2_001_fastqc	12	1.5574008101806668E-5	5.191336033935556E-6	1.0382672067871112E-5
./2infected_CGAGGCTG-CTAAGCCT_L001_R2_001_fastqc	13	1.5574008101806668E-5	5.191336033935556E-6	1.5574008101806668E-5
./2infected_CGAGGCTG-CTAAGCCT_L001_R2_001_fastqc	14	1.5574008101806668E-5	5.191336033935556E-6	2.0765344135742223E-5
./2infected_CGAGGCTG-CTAAGCCT_L001_R2_001_fastqc	15	1.5574008101806668E-5	5.191336033935556E-6	3.6339352237548894E-5
./2infected_CGAGGCTG-CTAAGCCT_L001_R2_001_fastqc	16	1.5574008101806668E-5	5.191336033935556E-6	6.748736844116222E-5
./2infected_CGAGGCTG-CTAAGCCT_L001_R2_001_fastqc	17	1.5574008101806668E-5	5.191336033935556E-6	7.267870447509779E-5
./2infected_CGAGGCTG-CTAAGCCT_L001_R2_001_fastqc	18	1.5574008101806668E-5	5.191336033935556E-6	8.825271257690445E-5
./2infected_CGAGGCTG-CTAAGCCT_L001_R2_001_fastqc	19	1.5574008101806668E-5	5.191336033935556E-6	1.0382672067871112E-4
./2infected_CGAGGCTG-CTAAGCCT_L001_R2_001_fastqc	20	1.5574008101806668E-5	5.191336033935556E-6	1.6093141705200223E-4
./2infected_CGAGGCTG-CTAAGCCT_L001_R2_001_fastqc	21	1.5574008101806668E-5	5.191336033935556E-6	1.8169676118774447E-4
./2infected_CGAGGCTG-CTAAGCCT_L001_R2_001_fastqc	22	1.5574008101806668E-5	5.191336033935556E-6	2.2322744945922892E-4
./2infected_CGAGGCTG-CTAAGCCT_L001_R2_001_fastqc	23	1.5574008101806668E-5	5.191336033935556E-6	2.699494737646489E-4
./2infected_CGAGGCTG-CTAAGCCT_L001_R2_001_fastqc	24	2.0765344135742223E-5	5.191336033935556E-6	3.5820218634155336E-4
./2infected_CGAGGCTG-CTAAGCCT_L001_R2_001_fastqc	25	2.0765344135742223E-5	5.191336033935556E-6	4.2568955478271557E-4
./2infected_CGAGGCTG-CTAAGCCT_L001_R2_001_fastqc	26	2.0765344135742223E-5	5.191336033935556E-6	5.295162754614267E-4
./2infected_CGAGGCTG-CTAAGCCT_L001_R2_001_fastqc	27	2.0765344135742223E-5	5.191336033935556E-6	6.229603240722667E-4
./2infected_CGAGGCTG-CTAAGCCT_L001_R2_001_fastqc	28	2.0765344135742223E-5	5.191336033935556E-6	7.838917411242689E-4
./2infected_CGAGGCTG-CTAAGCCT_L001_R2_001_fastqc	29	2.0765344135742223E-5	5.191336033935556E-6	0.0013653213769250511
./2infected_CGAGGCTG-CTAAGCCT_L001_R2_001_fastqc	30	2.0765344135742223E-5	5.191336033935556E-6	0.0020401950613366734
./2infected_CGAGGCTG-CTAAGCCT_L001_R2_001_fastqc	31	2.0765344135742223E-5	5.191336033935556E-6	0.003249776357243658
./2infected_CGAGGCTG-CTAAGCCT_L001_R2_001_fastqc	32	2.0765344135742223E-5	5.191336033935556E-6	0.004672202430542001
./2infected_CGAGGCTG-CTAAGCCT_L001_R2_001_fastqc	33	2.0765344135742223E-5	5.191336033935556E-6	0.0058350617021435645
./2infected_CGAGGCTG-CTAAGCCT_L001_R1_001_fastqc	1	0.0	0.0	0.0
./2infected_CGAGGCTG-CTAAGCCT_L001_R1_001_fastqc	2	0.0	0.0	0.0
./2infected_CGAGGCTG-CTAAGCCT_L001_R1_001_fastqc	3	0.0	0.0	0.0
./2infected_CGAGGCTG-CTAAGCCT_L001_R1_001_fastqc	4	0.0	0.0	0.0
./2infected_CGAGGCTG-CTAAGCCT_L001_R1_001_fastqc	5	0.0	5.191336033935556E-6	0.0
./2infected_CGAGGCTG-CTAAGCCT_L001_R1_001_fastqc	6	5.191336033935556E-6	5.191336033935556E-6	0.0
./2infected_CGAGGCTG-CTAAGCCT_L001_R1_001_fastqc	7	5.191336033935556E-6	5.191336033935556E-6	0.0
./2infected_CGAGGCTG-CTAAGCCT_L001_R1_001_fastqc	8	5.191336033935556E-6	5.191336033935556E-6	0.0
./2infected_CGAGGCTG-CTAAGCCT_L001_R1_001_fastqc	9	5.191336033935556E-6	5.191336033935556E-6	5.191336033935556E-6
./2infected_CGAGGCTG-CTAAGCCT_L001_R1_001_fastqc	10	5.191336033935556E-6	5.191336033935556E-6	5.191336033935556E-6
./2infected_CGAGGCTG-CTAAGCCT_L001_R1_001_fastqc	11	5.191336033935556E-6	5.191336033935556E-6	5.191336033935556E-6
./2infected_CGAGGCTG-CTAAGCCT_L001_R1_001_fastqc	12	5.191336033935556E-6	5.191336033935556E-6	5.191336033935556E-6
./2infected_CGAGGCTG-CTAAGCCT_L001_R1_001_fastqc	13	5.191336033935556E-6	5.191336033935556E-6	1.5574008101806668E-5
./2infected_CGAGGCTG-CTAAGCCT_L001_R1_001_fastqc	14	1.0382672067871112E-5	5.191336033935556E-6	2.595668016967778E-5
./2infected_CGAGGCTG-CTAAGCCT_L001_R1_001_fastqc	15	1.0382672067871112E-5	5.191336033935556E-6	4.153068827148445E-5
./2infected_CGAGGCTG-CTAAGCCT_L001_R1_001_fastqc	16	1.0382672067871112E-5	5.191336033935556E-6	7.787004050903334E-5
./2infected_CGAGGCTG-CTAAGCCT_L001_R1_001_fastqc	17	1.0382672067871112E-5	5.191336033935556E-6	9.344404861084001E-5
./2infected_CGAGGCTG-CTAAGCCT_L001_R1_001_fastqc	18	1.0382672067871112E-5	5.191336033935556E-6	1.0382672067871112E-4
./2infected_CGAGGCTG-CTAAGCCT_L001_R1_001_fastqc	19	1.0382672067871112E-5	5.191336033935556E-6	1.2459206481445334E-4
./2infected_CGAGGCTG-CTAAGCCT_L001_R1_001_fastqc	20	1.0382672067871112E-5	5.191336033935556E-6	1.6093141705200223E-4
./2infected_CGAGGCTG-CTAAGCCT_L001_R1_001_fastqc	21	1.0382672067871112E-5	5.191336033935556E-6	1.765054251538089E-4
./2infected_CGAGGCTG-CTAAGCCT_L001_R1_001_fastqc	22	1.0382672067871112E-5	5.191336033935556E-6	2.0246210532348668E-4
./2infected_CGAGGCTG-CTAAGCCT_L001_R1_001_fastqc	23	1.0382672067871112E-5	5.191336033935556E-6	2.4399279359497113E-4
./2infected_CGAGGCTG-CTAAGCCT_L001_R1_001_fastqc	24	1.0382672067871112E-5	5.191336033935556E-6	3.2705417013794005E-4
./2infected_CGAGGCTG-CTAAGCCT_L001_R1_001_fastqc	25	1.0382672067871112E-5	5.191336033935556E-6	4.1530688271484447E-4
./2infected_CGAGGCTG-CTAAGCCT_L001_R1_001_fastqc	26	1.5574008101806668E-5	5.191336033935556E-6	4.931769232238778E-4
./2infected_CGAGGCTG-CTAAGCCT_L001_R1_001_fastqc	27	2.0765344135742223E-5	5.191336033935556E-6	5.710469637329111E-4
./2infected_CGAGGCTG-CTAAGCCT_L001_R1_001_fastqc	28	2.0765344135742223E-5	5.191336033935556E-6	7.319783807849134E-4
./2infected_CGAGGCTG-CTAAGCCT_L001_R1_001_fastqc	29	2.0765344135742223E-5	5.191336033935556E-6	0.0013134080165856958
./2infected_CGAGGCTG-CTAAGCCT_L001_R1_001_fastqc	30	2.0765344135742223E-5	5.191336033935556E-6	0.0020038557090991246
./2infected_CGAGGCTG-CTAAGCCT_L001_R1_001_fastqc	31	2.0765344135742223E-5	5.191336033935556E-6	0.0031511409725988827
./2infected_CGAGGCTG-CTAAGCCT_L001_R1_001_fastqc	32	2.595668016967778E-5	5.191336033935556E-6	0.00453203635762574
./2infected_CGAGGCTG-CTAAGCCT_L001_R1_001_fastqc	33	2.595668016967778E-5	5.191336033935556E-6	0.005674130285091563
./10uninfected_GTAGAGGA-CTAAGCCT_L001_R2_001_fastqc	1	0.0	0.0	0.0
./10uninfected_GTAGAGGA-CTAAGCCT_L001_R2_001_fastqc	2	0.0	0.0	0.0
./10uninfected_GTAGAGGA-CTAAGCCT_L001_R2_001_fastqc	3	0.0	0.0	0.0
./10uninfected_GTAGAGGA-CTAAGCCT_L001_R2_001_fastqc	4	0.0	0.0	4.767784348155437E-6
./10uninfected_GTAGAGGA-CTAAGCCT_L001_R2_001_fastqc	5	0.0	0.0	4.767784348155437E-6
./10uninfected_GTAGAGGA-CTAAGCCT_L001_R2_001_fastqc	6	0.0	0.0	4.767784348155437E-6
./10uninfected_GTAGAGGA-CTAAGCCT_L001_R2_001_fastqc	7	9.535568696310874E-6	0.0	4.767784348155437E-6
./10uninfected_GTAGAGGA-CTAAGCCT_L001_R2_001_fastqc	8	9.535568696310874E-6	0.0	1.4303353044466312E-5
./10uninfected_GTAGAGGA-CTAAGCCT_L001_R2_001_fastqc	9	9.535568696310874E-6	0.0	3.81422747852435E-5
./10uninfected_GTAGAGGA-CTAAGCCT_L001_R2_001_fastqc	10	9.535568696310874E-6	0.0	5.244562782970981E-5
./10uninfected_GTAGAGGA-CTAAGCCT_L001_R2_001_fastqc	11	9.535568696310874E-6	0.0	6.198119652602068E-5
./10uninfected_GTAGAGGA-CTAAGCCT_L001_R2_001_fastqc	12	9.535568696310874E-6	0.0	7.6284549570487E-5
./10uninfected_GTAGAGGA-CTAAGCCT_L001_R2_001_fastqc	13	9.535568696310874E-6	0.0	9.535568696310875E-5
./10uninfected_GTAGAGGA-CTAAGCCT_L001_R2_001_fastqc	14	9.535568696310874E-6	0.0	1.1442682435573049E-4
./10uninfected_GTAGAGGA-CTAAGCCT_L001_R2_001_fastqc	15	9.535568696310874E-6	0.0	1.3349796174835223E-4
./10uninfected_GTAGAGGA-CTAAGCCT_L001_R2_001_fastqc	16	1.4303353044466312E-5	0.0	1.5733688348912943E-4
./10uninfected_GTAGAGGA-CTAAGCCT_L001_R2_001_fastqc	17	1.907113739262175E-5	0.0	1.8117580522990662E-4
./10uninfected_GTAGAGGA-CTAAGCCT_L001_R2_001_fastqc	18	1.907113739262175E-5	0.0	2.0024694262252835E-4
./10uninfected_GTAGAGGA-CTAAGCCT_L001_R2_001_fastqc	19	1.907113739262175E-5	0.0	2.3362143305961642E-4
./10uninfected_GTAGAGGA-CTAAGCCT_L001_R2_001_fastqc	20	1.907113739262175E-5	0.0	3.0037041393379257E-4
./10uninfected_GTAGAGGA-CTAAGCCT_L001_R2_001_fastqc	21	1.907113739262175E-5	0.0	3.5281604176350237E-4
./10uninfected_GTAGAGGA-CTAAGCCT_L001_R2_001_fastqc	22	1.907113739262175E-5	0.0	3.957261008969013E-4
./10uninfected_GTAGAGGA-CTAAGCCT_L001_R2_001_fastqc	23	1.907113739262175E-5	0.0	4.624750817710774E-4
./10uninfected_GTAGAGGA-CTAAGCCT_L001_R2_001_fastqc	24	1.907113739262175E-5	0.0	5.67366337430497E-4
./10uninfected_GTAGAGGA-CTAAGCCT_L001_R2_001_fastqc	25	1.907113739262175E-5	0.0	6.245797496083623E-4
./10uninfected_GTAGAGGA-CTAAGCCT_L001_R2_001_fastqc	26	2.3838921740777188E-5	0.0	7.771488487493363E-4
./10uninfected_GTAGAGGA-CTAAGCCT_L001_R2_001_fastqc	27	2.3838921740777188E-5	0.0	9.726280070237092E-4
./10uninfected_GTAGAGGA-CTAAGCCT_L001_R2_001_fastqc	28	2.3838921740777188E-5	0.0	0.0013349796174835225
./10uninfected_GTAGAGGA-CTAAGCCT_L001_R2_001_fastqc	29	2.3838921740777188E-5	4.767784348155437E-6	0.0019404882296992628
./10uninfected_GTAGAGGA-CTAAGCCT_L001_R2_001_fastqc	30	2.3838921740777188E-5	4.767784348155437E-6	0.0028177605497598634
./10uninfected_GTAGAGGA-CTAAGCCT_L001_R2_001_fastqc	31	2.3838921740777188E-5	4.767784348155437E-6	0.00413843681419892
./10uninfected_GTAGAGGA-CTAAGCCT_L001_R2_001_fastqc	32	2.3838921740777188E-5	4.767784348155437E-6	0.005659360021260504
./10uninfected_GTAGAGGA-CTAAGCCT_L001_R2_001_fastqc	33	2.3838921740777188E-5	4.767784348155437E-6	0.007056320835270047
